c_a_x,c_a_y,ang_a,c_b_x,c_b_y,ang_b
0.272124953415739,0.220846408292402,6.25681296402143,0.336334263875849,0.0596832034257659,3.48194188612327
0.272108618315029,0.220849057214306,6.25649205994027,0.336323771517319,0.0596970561534210,3.48216005860105
0.272109979149679,0.220843587825474,6.25581378451431,0.336327170644209,0.0596898088301758,3.48189851397920
0.272109443373618,0.220827462388337,6.25487585805232,0.336322949474141,0.0596881906592723,3.48181240364374
0.272107032683883,0.220818754906306,6.25426687913141,0.336324123271897,0.0596986808656065,3.48239078175953
0.272094717379158,0.220792465922400,6.25405893529902,0.336327045394915,0.0596912705398764,3.48204827927563
0.272093957864749,0.220784925502406,6.25343952104716,0.336325222085041,0.0596917535322999,3.48192424565026
0.272085226280785,0.220769123471687,6.25321488520008,0.336325287226561,0.0596924548047931,3.48195174265359
0.272086014723625,0.220762303674688,6.25222066660535,0.336319706440894,0.0596968380952741,3.48229071780027
0.272077763047046,0.220736242256221,6.25209359970328,0.336322855858131,0.0596947030186249,3.48207781097429
0.272069930168885,0.220733743430020,6.24902169271468,0.336322622318378,0.0596941788682346,3.48210045860197
0.272065884334123,0.220722226552957,6.24886791827290,0.336323440094612,0.0597009815436018,3.48232394904997
0.272060392225120,0.220702654185631,6.24910186833732,0.336319616778669,0.0596818189189754,3.48073550936186
0.272059298000894,0.220684320222562,6.24916363017609,0.336325065985013,0.0596995271001638,3.48228216208863
0.272056176399837,0.220672908571068,6.24794329963330,0.336329228372472,0.0596912349081792,3.48164300150202
0.272053206137423,0.220655990867786,6.24790439960275,0.336322855858131,0.0596947030186249,3.48207781097429
0.272049253060917,0.220643357528175,6.24737091178683,0.336328726403975,0.0596836587921088,3.48158629601765
0.272045877561209,0.220615582327615,6.24744148781797,0.336328766597632,0.0596831118788995,3.48148244490912
0.272039387195195,0.220599871056026,6.24712650742967,0.336325385990458,0.0596828625112462,3.48196685424499
0.272040413621043,0.220604394268107,6.24539313542494,0.336329608297165,0.0596799854864844,3.48174906791361
0.272037859462823,0.220574012071754,6.24248761823359,0.336322936884928,0.0596730205346883,3.48148817062675
0.272033160816319,0.220567467213374,6.24036467269111,0.336327460906684,0.0596828665990055,3.48157922721716
0.272032332019941,0.220538265103118,6.24046611015907,0.336328075500755,0.0596754588049117,3.48158752288419
0.272026386827469,0.220517394653114,6.24049600137270,0.336326942103183,0.0596692485700669,3.48135193094319
0.272028036443641,0.220496390579426,6.24075226303223,0.336319359830657,0.0596742046305543,3.48170912632145
0.272018802143698,0.220488972461882,6.23982730571901,0.336323844194996,0.0596626653728308,3.48142021614154
0.272014207889433,0.220460858399098,6.24004027459108,0.336325401836547,0.0596685108175396,3.48135107749861
0.272008720421232,0.220466004061734,6.23942708465467,0.336331307759915,0.0596584707311983,3.48123159045924
0.272000899916701,0.220450533009221,6.23854442712721,0.336328186635291,0.0596664466686188,3.48122748539910
0.272001233681271,0.220423793907299,6.23904725138289,0.336336014860851,0.0596636643593411,3.48186870482370
0.272011825437828,0.220412116860044,6.23666361187555,0.336325378616968,0.0596663493370139,3.48205596258736
0.272000381345651,0.220395647291308,6.23677440019604,0.336337133991961,0.0596593936150838,3.48132150316946
0.272000549385608,0.220378675008058,6.23591519160162,0.336333714768828,0.0596577198422792,3.48088275976348
0.272001206766918,0.220367687856859,6.23561720789209,0.336340325479125,0.0596607379046752,3.48168819995046
0.271989253989891,0.220357988623660,6.23449569128428,0.336326468781996,0.0596618597296674,3.48139784151804
0.272000607701944,0.220342371437374,6.23381434049329,0.336330805692198,0.0596621229432113,3.48171126696516
0.271986350225246,0.220324520554377,6.23358555607365,0.336326954779826,0.0596628266399444,3.48109834844868
0.271977268701187,0.220303642118804,6.23392364743586,0.336334174412818,0.0596560962678006,3.48113478182242
0.271977099403815,0.220295603823549,6.23217380301161,0.336332449796814,0.0596549241370418,3.48143636199469
0.271975997692238,0.220280890666967,6.23156144452306,0.336323515333042,0.0596636253646654,3.48146385465157
0.271973510362365,0.220260518206524,6.23182031758715,0.336333679397724,0.0596586710034375,3.48101728132797
0.271970763071775,0.220256578797106,6.22774115144714,0.336334189556029,0.0596678333318421,3.48152936924871
0.271964058510918,0.220242868608644,6.22798052750963,0.336328326641584,0.0596609301474193,3.48133350407754
0.271959204653231,0.220219191624081,6.22753516979029,0.336326963577957,0.0596535698641970,3.48125000192255
0.271950512302145,0.220210006044516,6.22702786309823,0.336323083080170,0.0596590003249635,3.48128251029440
0.271951995609906,0.220198530737594,6.22674936502815,0.336326391722553,0.0596493297435495,3.48080237474807
0.271956737250405,0.220183155888211,6.22598700836050,0.336318116263229,0.0596671007566678,3.48206146979409
0.271946893964379,0.220174334560023,6.22568624353604,0.336334000860427,0.0596518084466480,3.48088225810682
0.271936314153832,0.220153727437118,6.22349956132135,0.336325077872514,0.0596610852838020,3.48175138282321
0.271932034165632,0.220143902629470,6.22217942297499,0.336325750060876,0.0596627719859139,3.48131613068194
0.271930345693497,0.220138694807539,6.22150444709833,0.336323580868134,0.0596573265801405,3.48149134613329
0.271923158223910,0.220106464321441,6.22198096673649,0.336324534790463,0.0596670654284401,3.48183192950446
0.271927595658851,0.220094829629069,6.21825291819979,0.336323449796814,0.0596649241370418,3.48143636199469
0.271923567659804,0.220083057225700,6.21808310366935,0.336321278387529,0.0596595170447403,3.48124821950063
0.271928281962634,0.220064213390224,6.21763216117130,0.336317672371288,0.0596669526770944,3.48196639781222
0.271919682382496,0.220044454908700,6.21749502216441,0.336323449796814,0.0596649241370418,3.48143636199469
0.271906411696901,0.220031840633161,6.21714799316187,0.336327938021583,0.0596627178378135,3.48141157808566
0.271910966116750,0.220014031263297,6.21661590142393,0.336321432680400,0.0596611704805041,3.48131306350904
0.271900430967372,0.219998535915451,6.21625614392935,0.336319627920609,0.0596737540882591,3.48184918922143
0.271895199440794,0.219986293150279,6.21617007851017,0.336329586664147,0.0596685138859855,3.48137967073135
0.271888768626348,0.219973836385395,6.21537150059130,0.336332083080170,0.0596600003249635,3.48128251029440
0.271882449357776,0.219943097177152,6.21580391900565,0.336325961654096,0.0596774827151689,3.48175481524843
0.271876521404212,0.219928735859665,6.21564213726921,0.336325402642858,0.0596772866650826,3.48153035458341
0.271865140103718,0.219916880619482,6.21525754355555,0.336328690275211,0.0596744238146079,3.48187544597833
0.271871209752055,0.219909715503405,6.21464453312623,0.336329920785099,0.0596667649888103,3.48154726634422
0.271874898700574,0.219893430918578,6.21239773559151,0.336331935019102,0.0596781159414017,3.48163989772616
0.271856530726828,0.219885023134997,6.21389064230165,0.336335639020560,0.0596784917606190,3.48140669628827
0.271866742960535,0.219871243894615,6.21073725649972,0.336336423247263,0.0596759085666993,3.48161511616968
0.271858774265875,0.219860056668895,6.20988316608831,0.336333807846324,0.0596782940997169,3.48174937425276
0.271859368877862,0.219851352400727,6.20923319366467,0.336335839085050,0.0596789983476976,3.48151982371026
0.271855456762876,0.219834469749342,6.20865580179195,0.336326062143368,0.0596811726106415,3.48218677646221
0.271845816828184,0.219808466274441,6.20837563809690,0.336334698801883,0.0596846437755385,3.48176511854610
0.271847262326328,0.219793115577671,6.20773359029388,0.336335218992380,0.0596902211892912,3.48198379392251
0.271836117435142,0.219776931692328,6.20508355451726,0.336336817596837,0.0596835214162221,3.48168920375906
0.271831589957700,0.219765732122210,6.20456724477419,0.336335321611597,0.0596819724934491,3.48187679450681
0.271826266499203,0.219746386345250,6.20496132560755,0.336327221199585,0.0596776060025938,3.48149843202373
0.271827525529508,0.219736222569865,6.20428313064166,0.336332918738482,0.0596864097577418,3.48186228056178
0.271809973633345,0.219728194241832,6.20316749572907,0.336333126900629,0.0596902796025645,3.48192075404099
0.271812144977086,0.219709181414574,6.20192394830813,0.336323357825909,0.0596845438209912,3.48166552291081
0.271815546621199,0.219694836395929,6.20145997941667,0.336324378616968,0.0596903493370139,3.48205596258736
0.271801204054130,0.219681820854409,6.20068164960156,0.336331201758511,0.0596854715546951,3.48207782201641
0.271800351590848,0.219684725183866,6.19923881834356,0.336329736525835,0.0596884265538767,3.48144074797934
0.271801564888798,0.219648729124917,6.19945160820641,0.336330025332610,0.0596808858874811,3.48159121660261
0.271799108314287,0.219643771094846,6.19734628648992,0.336331880631252,0.0596865876719793,3.48137599620711
0.271789428970208,0.219634678706846,6.19565112223038,0.336333126900629,0.0596902796025645,3.48192075404099
0.271798459999314,0.219622633847010,6.19374626591601,0.336325879822843,0.0596951995937058,3.48223102631751
0.271790098600389,0.219600430635741,6.19355485110036,0.336328150358490,0.0596989708680313,3.48266894851985
0.271770381853915,0.219575994074554,6.19369615136603,0.336321617911841,0.0596875743186053,3.48147465139708
0.271770411351339,0.219573580623269,6.19235929725384,0.336326881821555,0.0596875021955813,3.48205238796906
0.271765978917028,0.219555477032834,6.19216751503158,0.336333189318851,0.0596909497133724,3.48194702813260
0.271750233864330,0.219536253902608,6.19230021898769,0.336325903930284,0.0596769826685233,3.48163991663290
0.271748318007294,0.219519299299934,6.19141672265100,0.336325218015727,0.0596844472307479,3.48180459899968
0.271746384642886,0.219508110399036,6.19156438522453,0.336326757022088,0.0596813478578766,3.48184521958840
0.271728178460862,0.219488832502251,6.19110352926160,0.336322832616897,0.0596854532556038,3.48206801831282
0.271728741836470,0.219468462431510,6.19098903606011,0.336331360209007,0.0596739391964197,3.48151934836496
0.271731808943154,0.219448325243452,6.18824285159958,0.336321311950591,0.0596819382902366,3.48183248760295
0.271731074861485,0.219435366789755,6.18811603615122,0.336326360675374,0.0596763910196895,3.48189320220220
0.271716691250688,0.219417520183288,6.18788544871825,0.336325837135144,0.0596707818507761,3.48167328241965
0.271713322875718,0.219406168256097,6.18706084147152,0.336326876895072,0.0596760114953973,3.48162712736115
0.271712770896663,0.219383929396009,6.18687379914723,0.336329752313199,0.0596711503047225,3.48114544045356
0.271705745022036,0.219372939669803,6.18575569768103,0.336328276561620,0.0596649630193674,3.48182216003654
0.271693873257255,0.219344707913706,6.18587121987094,0.336332329224974,0.0596717275699560,3.48171392201849
0.271697956404373,0.219330056252703,6.18497701212935,0.336332351386656,0.0596645060511832,3.48136593935572
0.271687281768228,0.219321135379202,6.18464845415645,0.336331384259451,0.0596652228972686,3.48140886816259
0.271683948718728,0.219302182411378,6.18364984872167,0.336330967174563,0.0596709837787088,3.48198707279535
0.271671247272465,0.219295239668219,6.18314287105973,0.336330548146707,0.0596743422082994,3.48150678719136
0.271668057947609,0.219283766344210,6.18001196151672,0.336328718270465,0.0596779502477588,3.48131437164927
0.271667605760277,0.219269905136748,6.17895121503004,0.336331446865307,0.0596818927703582,3.48143513220156
0.271663379658400,0.219251254132564,6.17895767739779,0.336329176858536,0.0596753585576419,3.48156766171055
0.271655523469429,0.219238281447059,6.17789473292387,0.336327040300498,0.0596774426908543,3.48160171829798
0.271649571641256,0.219225818650829,6.17671193995563,0.336331446865307,0.0596818927703582,3.48143513220156
0.271648637599312,0.219220390481384,6.17538603476020,0.336329118730320,0.0596888661642987,3.48175125482755
0.271639598552502,0.219188737338701,6.17516301526529,0.336334162092654,0.0596784814068214,3.48175188566485
0.271640374826307,0.219182233074266,6.17327839166473,0.336336360148577,0.0596845765816739,3.48173855222877
0.271630009186727,0.219159084870184,6.17235880797843,0.336330388455774,0.0596863711499253,3.48195619290814
0.271635099582327,0.219146424199509,6.17097654662944,0.336330154354370,0.0596798820096473,3.48173703822637
0.271632397259627,0.219129902143954,6.16927999588677,0.336330414270539,0.0596796894126718,3.48172550124159
0.271624856656320,0.219104761131085,6.17005002661637,0.336333021003690,0.0596781609387120,3.48175526690621
0.271618212796593,0.219079187820195,6.17036592263581,0.336330791794532,0.0596653600511831,3.48161379209091
0.271608769207431,0.219057840901185,6.16957276245492,0.336332644126064,0.0596640302810719,3.48139733296881
0.271609686939640,0.219031816576317,6.16797588097023,0.336331403618205,0.0596612009984748,3.48105704891462
0.271596287780080,0.219025907601810,6.16785926325493,0.336334792168020,0.0596692214959896,3.48133375296373
0.271586947725300,0.219000069337259,6.16756594246569,0.336337116131932,0.0596622156677936,3.48101639325771
0.271583241075774,0.218988979232168,6.16639920295720,0.336331690906671,0.0596635746196194,3.48139252048631
0.271572308945507,0.218963363602145,6.16678051770088,0.336331498127682,0.0596588718277315,3.48134056758656
0.271566041255105,0.218947400510672,6.16621702597907,0.336330893722064,0.0596571111026550,3.48150680038001
0.271558934137953,0.218931573235712,6.16547168304992,0.336334166619810,0.0596546087923964,3.48148745493850
0.271541027817568,0.218910744851027,6.16538886833314,0.336334037634649,0.0596552039452285,3.48155400117114
0.271545576677941,0.218883953661670,6.16468324988250,0.336335282476884,0.0596542810345560,3.48149871564629
0.271532609642344,0.218875531841267,6.16416806837193,0.336335302884650,0.0596536032547917,3.48139678862444
0.271524632016019,0.218847543342829,6.16432941990757,0.336334559572033,0.0596570685327285,3.48125709826393
0.271518212092180,0.218844330383145,6.16318466762316,0.336329337937440,0.0596665160292712,3.48130221291029
0.271510166493686,0.218820356699145,6.16339810750633,0.336333558072382,0.0596683511486094,3.48159995732433
0.271500230126630,0.218807325790889,6.16267687788975,0.336329864980791,0.0596767372113509,3.48212216401901
0.271492399093133,0.218786202879931,6.16111155967557,0.336332827922487,0.0596760885831199,3.48167399808674
0.271472615022357,0.218771546285679,6.16110704767325,0.336334701746673,0.0596766753491787,3.48176635658803
0.271463343595355,0.218772940327377,6.15891076989787,0.336333478312083,0.0596830692653193,3.48194772587739
0.271446383921225,0.218741859979945,6.15839280413396,0.336327625220797,0.0596819476552419,3.48166869868361
0.271443057038621,0.218738911801834,6.15691911967218,0.336335715662257,0.0596895849049626,3.48195086586076
0.271434644360503,0.218722106210573,6.15515725308314,0.336326899984303,0.0596765804144892,3.48160931581265
0.271421081825472,0.218690535475171,6.15502960161239,0.336325665046834,0.0596781520204048,3.48154289543295
0.271412798882537,0.218680170197454,6.15420145783202,0.336328236184052,0.0596755465993736,3.48168421918537
0.271398834234189,0.218672054151327,6.15283429318947,0.336327618491347,0.0596835135632061,3.48163684714540
0.271397937551402,0.218649720985172,6.15204334965573,0.336325213810504,0.0596841962221717,3.48207830170484
0.271395741611171,0.218648954575916,6.14972497971418,0.336325322257428,0.0596883459246240,3.48224496952446
0.271386477975871,0.218629089193142,6.15000944778987,0.336315924901022,0.0596817103515932,3.48222491460973
0.271371628390780,0.218607120518388,6.15036712918050,0.336318840833005,0.0596810491219592,3.48215621910584
0.271359154777481,0.218594019123152,6.14987225032260,0.336322423514220,0.0596796429173046,3.48142533616633
0.271350833003346,0.218588105485289,6.14900857148590,0.336317516964975,0.0596835773025124,3.48189851105060
0.271337864391084,0.218561071357547,6.14877426746202,0.336321885417071,0.0596857383207744,3.48192340846188
0.271347338248397,0.218546517147001,6.14761818239538,0.336315831556988,0.0596958164684696,3.48245938811073
0.271325681487349,0.218531688869241,6.14853866283221,0.336320894451884,0.0596810745964841,3.48174857478318
0.271321332565624,0.218522307576130,6.14629910331604,0.336317127105933,0.0596898283978797,3.48215752436959
0.271316743709189,0.218507707064799,6.14604364390958,0.336320956920540,0.0596817443656611,3.48177483108136
0.271304771585858,0.218488646220248,6.14592577708230,0.336324000228487,0.0596860914455539,3.48183384765341
0.271303906269812,0.218470188564088,6.14502063257314,0.336325776503786,0.0596873283853746,3.48149355079484
0.271294532046930,0.218460909700625,6.14468966669926,0.336320917989400,0.0596813269582897,3.48175846794815
0.271290577000362,0.218443855768832,6.14415756230554,0.336329736160695,0.0596813567486200,3.48180282461055
0.271287564638499,0.218427830104890,6.14265239200394,0.336325149247343,0.0596783436778187,3.48174648517319
0.271280205806256,0.218414518531248,6.14230957825421,0.336330925466108,0.0596763138785753,3.48121637842603
0.271284731711084,0.218404845914490,6.14130857791941,0.336329583821976,0.0596811731016136,3.48196731314980
0.271271777429889,0.218389935238957,6.14090366249947,0.336336618804980,0.0596784205871862,3.48148521053086
0.271274645994138,0.218371185384710,6.13955113175408,0.336334280014718,0.0596801535949054,3.48158903850941
0.271265521044994,0.218347870647564,6.13965031124263,0.336337010231568,0.0596807211915559,3.48180182628368
0.271257857675168,0.218347528397942,6.13835123488605,0.336336976085403,0.0596807025364007,3.48193753879627
0.271255395939373,0.218336619202166,6.13665075926309,0.336336609744460,0.0596768182571357,3.48142035756090
0.271245019128304,0.218316290945313,6.13543548891890,0.336342163900326,0.0596786450182615,3.48137426129792
0.271251300735519,0.218299815078030,6.13305268470902,0.336344718652142,0.0596865784752087,3.48219379701870
0.271234013006416,0.218275484215719,6.13338104605911,0.336339443304818,0.0596804113245564,3.48152543258464
0.271231713618615,0.218257264088165,6.13255632874839,0.336332321842385,0.0596799984650195,3.48161084057515
0.271220383523628,0.218244815159454,6.13134111875817,0.336340100723921,0.0596833846439231,3.48203520318425
0.271222939652482,0.218228023443052,6.13039502198745,0.336338946288134,0.0596750853130332,3.48131658101381
0.271237942712128,0.218223469861766,6.12727334376405,0.336339443304818,0.0596804113245564,3.48152543258464
0.271220198000253,0.218220820603107,6.12619712085859,0.336337362353522,0.0596829200290765,3.48161645446638
0.271215173967181,0.218203164781134,6.12590827332891,0.336332554855930,0.0596805196757762,3.48158807832440
0.271215770147427,0.218176765311207,6.12611508380975,0.336337013998846,0.0596811601951159,3.48159064027023
0.271199015786639,0.218161579045852,6.12567988644374,0.336332396690191,0.0596839614431342,3.48168189587660
0.271197213175518,0.218122984187550,6.12678801587164,0.336337503556749,0.0596880541472853,3.48176770319941
0.271190241599717,0.218120855597798,6.12564170369258,0.336334080157712,0.0596866474692825,3.48147592179120
0.271181902963851,0.218082391084135,6.12678849427724,0.336333122508065,0.0596888483245087,3.48218713019438
0.271168605034527,0.218068928710376,6.12656008680602,0.336333083794399,0.0596870497465764,3.48150652735704
0.271154036667504,0.218054604008351,6.12615122671854,0.336330062671380,0.0596868992643305,3.48169851190958
0.271141633734288,0.218039078810213,6.12597758141223,0.336333544546079,0.0596919898651941,3.48170026467007
0.271141544682796,0.218016134048916,6.12522606009793,0.336331702122584,0.0596920508922913,3.48201303306879
0.271131360740136,0.217993039314985,6.12535850852021,0.336322530729808,0.0596931943555391,3.48206185746552
0.271116239943101,0.217975923817236,6.12539312578241,0.336326990728592,0.0596898754388348,3.48182271155443
0.271108169545123,0.217964433812539,6.12482081151327,0.336318826431913,0.0596882237027378,3.48220403639540
0.271114002230282,0.217937796134294,6.12206602211612,0.336318801067909,0.0596964048242591,3.48224561832178
0.271105845234813,0.217922592785845,6.12166792087833,0.336308910849242,0.0596910013227455,3.48191004733691
0.271095598662268,0.217910799763645,6.12127960171574,0.336320816331150,0.0596951633669296,3.48212577514880
0.271100463331785,0.217898767492693,6.12000444126443,0.336309528450922,0.0596830341961399,3.48195741121768
0.271086778457999,0.217868870026292,6.12040683491954,0.336310469561590,0.0596838827806321,3.48159906214118
0.271083686984385,0.217854866221830,6.11990704117233,0.336315897872426,0.0596899266874886,3.48227461005461
0.271087687239700,0.217841382848812,6.11555429283031,0.336311696423756,0.0596829734746364,3.48154459647189
0.271081797049888,0.217810977305558,6.11589477017713,0.336318178785649,0.0596817719023624,3.48157253107973
0.271068028387823,0.217805795627939,6.11566782040439,0.336309107536467,0.0596887547912183,3.48222922880550
0.271070805642414,0.217795225049058,6.11497440259289,0.336308436145512,0.0596978356798382,3.48306731966248
0.271066384293771,0.217779706349609,6.11400502056092,0.336312840733400,0.0596851110168944,3.48199404547687
0.271063048198000,0.217754701081095,6.11452145663845,0.336306704982284,0.0596888548442164,3.48219339326938
0.271069734476588,0.217741262102058,6.11078319731288,0.336308681663920,0.0596876908714452,3.48223941943109
0.271058517084499,0.217722966687474,6.10919660435438,0.336312128241287,0.0596842193613799,3.48238119628625
0.271059341327859,0.217715362043219,6.10872388654084,0.336310861073095,0.0596932426329310,3.48206834004228
0.271046162348704,0.217692047946569,6.10814968635982,0.336309062712697,0.0596896634448043,3.48194906723153
0.271046922449610,0.217662396053627,6.10789839244842,0.336310952568887,0.0596942256045998,3.48210687045581
0.271042436279953,0.217651097706815,6.10621133322849,0.336315703066195,0.0596968202859762,3.48231363282617
0.271037812213443,0.217638990683108,6.10602912349967,0.336313035297064,0.0596852173579226,3.48195502866541
0.271025974074899,0.217602005413359,6.10593092416201,0.336316580150647,0.0596920057205307,3.48168604768263
0.271014288110969,0.217595848526653,6.10531756547155,0.336319209646328,0.0596892279508709,3.48191494573282
0.271004512841297,0.217572307629588,6.10553873777637,0.336323734792767,0.0596990357852959,3.48199759003039
0.271001601672594,0.217555307951454,6.10497780232399,0.336322268844430,0.0596847434493884,3.48193246648487
0.271000128199149,0.217535302554585,6.10407715630093,0.336326493151101,0.0596947900304180,3.48206963782669
0.270995307301156,0.217525244720654,6.10276333731581,0.336318042350498,0.0596960536832450,3.48220173633385
0.270982266616129,0.217506234936943,6.10222734868487,0.336318653998945,0.0596882253178944,3.48192281576812
0.270968604037284,0.217479611121959,6.10220888646227,0.336324937093533,0.0596846990184365,3.48168283754863
0.270968692518126,0.217460047850025,6.10153770136532,0.336328029707162,0.0596777883205520,3.48094543485858
0.270954624812562,0.217442637922402,6.10064687984488,0.336324461859788,0.0596834383494864,3.48188862422953
0.270948720743362,0.217416273660230,6.10094105259386,0.336330325479125,0.0596857379046752,3.48168819995046
0.270937232998155,0.217404744580793,6.09914198849046,0.336332580868134,0.0596723265801405,3.48149134613329
0.270916974243314,0.217389827467456,6.09875053759291,0.336324753086938,0.0596727088792729,3.48116565988131
0.270915743156738,0.217372870286143,6.09797914820442,0.336332456724951,0.0596706610658062,3.48128961903122
0.270918851983516,0.217349897188906,6.09759797986646,0.336331574812494,0.0596787770968156,3.48182218062420
0.270900884196615,0.217335057054360,6.09706417781321,0.336328391812160,0.0596752363519326,3.48162885844549
0.270890700408452,0.217309194109722,6.09698353261397,0.336325266033949,0.0596640785603558,3.48117330291348
0.270891708298071,0.217299497018797,6.09568529502239,0.336334514570145,0.0596744584259258,3.48196298367523
0.270876664666630,0.217274186158872,6.09542999748911,0.336330996294491,0.0596712340711558,3.48142921861736
0.270871307781919,0.217269969195899,6.09346628696263,0.336338827976410,0.0596748174891820,3.48126685925883
0.270866737655308,0.217243500079696,6.09068938668222,0.336330709561682,0.0596717108436479,3.48181756105512
0.270860775488223,0.217225575515533,6.09011426395150,0.336335344728863,0.0596699508728563,3.48152498873631
0.270850366490865,0.217210621216639,6.08891444772355,0.336338123912594,0.0596850813438580,3.48205802771925
0.270832416844098,0.217178988821235,6.08891512061904,0.336335774609022,0.0596741119508215,3.48164701453024
0.270824427852544,0.217162806769816,6.08758498946173,0.336335928971160,0.0596757657746432,3.48171186255104
0.270825869087937,0.217148478280995,6.08602295995408,0.336336387047704,0.0596806735707573,3.48190427905342
0.270800751584230,0.217128580648568,6.08529645927227,0.336332962296656,0.0596758948998746,3.48175967336699
0.270795948525358,0.217111173700848,6.08557257381780,0.336334716810566,0.0596649609438091,3.48112152513139
0.270780602911381,0.217097698688454,6.08456935027435,0.336341089479647,0.0596657345025624,3.48113565198646
0.270767716237583,0.217079423823123,6.08444505534167,0.336331257136734,0.0596700055328388,3.48165948842189
0.270751529959928,0.217055196712976,6.08415334620393,0.336332034800709,0.0596634304989779,3.48150338907622
0.270740937791402,0.217033794185447,6.08403179251426,0.336320432385406,0.0596744635674816,3.48170423640728
0.270729994589491,0.217028297961902,6.08406066930675,0.336326509597212,0.0596616562501235,3.48130055436831
0.270711077420240,0.216989760434535,6.08464532875387,0.336320897421069,0.0596665144930342,3.48153744420061
0.270703047005446,0.216972369149357,6.08318096782907,0.336322325965504,0.0596617011490175,3.48192993193219
0.270680581131845,0.216950459693599,6.08477179324155,0.336324270446168,0.0596707301048614,3.48165998456993
0.270671338316986,0.216943670898320,6.08195212615691,0.336323042963176,0.0596716392400269,3.48171444783625
0.270646575018953,0.216927458281901,6.08157179290407,0.336313192731436,0.0596754872876589,3.48159885722476
0.270642267859883,0.216908231230408,6.08105333691700,0.336315994569156,0.0596786931737837,3.48168863882462
0.270631426713818,0.216889814539883,6.08050424146668,0.336310459333891,0.0596781170946246,3.48174469526712
0.270620978553380,0.216879668214261,6.07983127317148,0.336309425641189,0.0596782777113694,3.48176604114316
0.270597193443081,0.216855699377747,6.07926386401523,0.336312025366941,0.0596804396751297,3.48204524890743
0.270589576119892,0.216840144431917,6.07819587320181,0.336305921101425,0.0596864041587641,3.48210530067064
0.270575043194186,0.216825642672951,6.07743832808795,0.336311795050665,0.0596813548351626,3.48185679257195
0.270574586567519,0.216799474257142,6.07724794880760,0.336310238007405,0.0596805043426017,3.48216896588752
0.270563487176245,0.216793133732270,6.07645351744872,0.336312054957590,0.0596811622658524,3.48184525568408
0.270552137501829,0.216770323928105,6.07553480436780,0.336308548505918,0.0596892570091503,3.48218321045016
0.270543345592353,0.216754345800203,6.07432177203085,0.336311935779660,0.0596864972921003,3.48206322961772
0.270531888396127,0.216737611109446,6.07309962262867,0.336320539288893,0.0596822891540091,3.48147855388486
0.270526005988861,0.216728281305252,6.07232312920775,0.336313006246758,0.0596849046337930,3.48194276949640
0.270517625641463,0.216707456150213,6.07088818645342,0.336316205588667,0.0596819376665577,3.48194630607603
0.270510805938711,0.216685422521488,6.07005052210208,0.336315508504388,0.0596842196362352,3.48204883845784
0.270505203588237,0.216674414037845,6.06877872501992,0.336326024718504,0.0596836428707611,3.48166495536118
0.270512042041429,0.216663336778739,6.06547059543722,0.336322035297064,0.0596842173579226,3.48195502866541
0.270504461993316,0.216644253450116,6.06473903801633,0.336323163415463,0.0596844376107975,3.48170454590246
0.270498927301532,0.216625416187064,6.06449958664424,0.336325903174086,0.0596756804708661,3.48181857601876
0.270482491079475,0.216602515532992,6.06419664756796,0.336325963138980,0.0596876277190184,3.48230208928702
0.270476551783193,0.216591037347868,6.06406233642751,0.336333870246575,0.0596872759287615,3.48211264487308
0.270455113472010,0.216567572230039,6.06382047482387,0.336328266220896,0.0596742317733527,3.48172591884014
0.270448653329023,0.216543926193659,6.06331140104966,0.336333779520377,0.0596729922718953,3.48117677332946
0.270443263196639,0.216536200516005,6.06248847515767,0.336334903581872,0.0596825169539245,3.48158048390281
0.270436124542872,0.216513864005967,6.06220114893651,0.336326705729108,0.0596819842250261,3.48188611121006
0.270415049517473,0.216502933536639,6.06227759769027,0.336332972526556,0.0596755452776883,3.48171164910949
0.270414628052516,0.216481989255759,6.06152376866422,0.336334366280685,0.0596763066907606,3.48130276410951
0.270397399360390,0.216476697162092,6.06107717061582,0.336330540510059,0.0596788910169890,3.48174621060742
0.270404273696090,0.216457983776929,6.05869953324501,0.336335100632358,0.0596810844796191,3.48184396259495
0.270402430356668,0.216435458299397,6.05862310163909,0.336337076388783,0.0596818303009894,3.48161691818637
0.270384288809959,0.216437210815445,6.05733714398393,0.336332667221361,0.0596839394508376,3.48199465451719
0.270378187949886,0.216410486772931,6.05668620156396,0.336336338928489,0.0596896330487065,3.48184842990168
0.270373796369628,0.216402241618082,6.05603384629402,0.336329477909357,0.0596830594809938,3.48168033470729
0.270360646636345,0.216387774310077,6.05533688568329,0.336331853453839,0.0596947085319221,3.48183478252555
0.270348425174842,0.216361438486165,6.05519242030476,0.336336499284462,0.0596897206977191,3.48194512038786
0.270344237495008,0.216350513137301,6.05400347648536,0.336328114834291,0.0596952789327731,3.48219545700669
0.270342656092850,0.216343950238174,6.05064484028266,0.336327176005435,0.0596958586035661,3.48228737677211
0.270324405332802,0.216321169830730,6.05094047229916,0.336327562141118,0.0597030158953959,3.48206344191724
0.270317831393669,0.216306360781711,6.05056219995437,0.336324899480955,0.0596987758525340,3.48197032650184
0.270314791257698,0.216283366387553,6.05051841420380,0.336328344942054,0.0596991829259207,3.48151758198032
0.270307099917735,0.216270067168370,6.04994741351450,0.336322855858131,0.0597017030186249,3.48207781097429
0.270297808665143,0.216248633697636,6.04931622163460,0.336328839496103,0.0596963045611654,3.48181357638796
0.270291790902086,0.216227512821300,6.04632301903778,0.336320388589539,0.0597070205655227,3.48261261582853
0.270284802508459,0.216206677951273,6.04635053015601,0.336317660292988,0.0596955453577873,3.48255152393722
0.270283719323240,0.216190203344127,6.04477534797066,0.336320846084827,0.0596999692662419,3.48244181496438
0.270268148665974,0.216167953112030,6.04461472615438,0.336322229640200,0.0596987493548115,3.48233193466814
0.270268510178184,0.216146614618445,6.04327074044664,0.336327459482599,0.0596922961962299,3.48163031430335
0.270270796342596,0.216118620558868,6.04221580754647,0.336331185219684,0.0596831213026480,3.48120484695583
0.270248336901700,0.216085818636630,6.04225459471695,0.336327957917556,0.0596801592938842,3.48177979599466
0.270244785291094,0.216073380620193,6.04156014070600,0.336321595283704,0.0596829377275758,3.48111748996762
0.270227753273483,0.216060028224822,6.04140872165561,0.336323529624711,0.0596871971357357,3.48194034486120
0.270225043807206,0.216031063249006,6.04066633038535,0.336328075517645,0.0596814224204158,3.48182931869296
0.270212907718839,0.216014538536345,6.03997262023648,0.336320008976117,0.0596769421256339,3.48140531939145
0.270198844859460,0.215993133002133,6.04033277762885,0.336326942103183,0.0596692485700669,3.48135193094319
0.270193291475604,0.215949859751120,6.04036128358217,0.336324529717467,0.0596798822099133,3.48140484738140
0.270172954980018,0.215933765133848,6.03989075392248,0.336320213860187,0.0596874984620126,3.48214801837573
0.270161855571273,0.215919198624970,6.03961355181346,0.336326729555123,0.0596780114133181,3.48139288877536
0.270156959974253,0.215901717357049,6.03826040091848,0.336326522310794,0.0596735128735669,3.48186963332546
0.270147163634979,0.215877070250817,6.03795242925772,0.336322571629927,0.0596670956306883,3.48133425660085
0.270132218446095,0.215859691814948,6.03695909140860,0.336317149247343,0.0596753436778187,3.48174648517319
0.270124381615317,0.215847257863275,6.03602908868343,0.336326082825095,0.0596671779526618,3.48166648746888
0.270112358495124,0.215832813781272,6.03505975207774,0.336321212137983,0.0596597824400103,3.48134104191321
0.270099761849513,0.215811054865843,6.03404600396912,0.336329095376949,0.0596694896992376,3.48097293573666
0.270090010176677,0.215791764743780,6.03344097061896,0.336324396690191,0.0596609614431342,3.48168189587660
0.270084116420471,0.215775815436551,6.03151362747319,0.336324160005462,0.0596624312877524,3.48140619782111
0.270060887737800,0.215746161563800,6.03214727853267,0.336322252427386,0.0596692999536080,3.48180746378220
0.270048427796482,0.215735085305389,6.03007503244875,0.336320392924172,0.0596609756913364,3.48111727350837
0.270036574998418,0.215711488670021,6.02923408858982,0.336320375819917,0.0596696828442671,3.48171393846267
0.270034578158197,0.215704976704042,6.02684089450226,0.336321893722064,0.0596711111026550,3.48150680038001
0.270015480853383,0.215687294347601,6.02595330643444,0.336321699358028,0.0596710049269427,3.48154582968548
0.270001377343691,0.215661168479743,6.02587013878385,0.336324038445229,0.0596627715608056,3.48138119042978
0.269987344220237,0.215654429963130,6.02478935017490,0.336322420511047,0.0596654717594299,3.48127057053972
0.269971665933791,0.215633917472393,6.02430926451799,0.336318807360522,0.0596684433876769,3.48126631390672
0.269967370236505,0.215607666828260,6.02298500044487,0.336324493531957,0.0596719013017533,3.48117718131414
0.269956993017645,0.215588717275161,6.02237086760575,0.336324363684147,0.0596692449039824,3.48163897769411
0.269941716326854,0.215579300372975,6.02183845455563,0.336323423089224,0.0596692451180272,3.48169301727039
0.269930360585910,0.215562294427893,6.02122614990133,0.336328820193602,0.0596696069395447,3.48105563339247
0.269913984296462,0.215528546379144,6.02195496564240,0.336335235950426,0.0596860139379854,3.48208240840973
0.269902625909951,0.215514673749731,6.02114078334133,0.336333149547567,0.0596750670920197,3.48187805829375
0.269880755891381,0.215491950576898,6.02117440757425,0.336335819543022,0.0596858322430701,3.48202612377699
0.269866251178028,0.215481424959776,6.02061822689633,0.336328196605534,0.0596694059648625,3.48098240717159
0.269847657482568,0.215450966937638,6.02091489336758,0.336329670141317,0.0596736917545059,3.48153355044359
0.269831763875299,0.215432230208256,6.02006403979312,0.336322936884928,0.0596730205346883,3.48148817062675
0.269813717064167,0.215414754377548,6.01985785342148,0.336328654426576,0.0596730387784665,3.48186035063647
0.269797211426202,0.215402599639406,6.01929073019949,0.336328551267983,0.0596710323355779,3.48121275261549
0.269788458247622,0.215360761769366,6.01902566188460,0.336329524660094,0.0596687230643313,3.48117898217181
0.269775664738121,0.215346229158719,6.01891759243189,0.336329956226893,0.0596747809179202,3.48153306321024
0.269760126312482,0.215329009642417,6.01828813505638,0.336323028546330,0.0596740054964429,3.48152679219548
0.269762737369250,0.215303910214474,6.01507121770732,0.336331974054849,0.0596785336179346,3.48165627034877
0.269753672788855,0.215281624826589,6.01461982879596,0.336331515333042,0.0596736253646654,3.48146385465157
0.269741308023959,0.215254530426478,6.01405516725697,0.336326782080577,0.0596737820908049,3.48216060354119
0.269727092079902,0.215245123160106,6.01314762074235,0.336327966933757,0.0596720849965154,3.48103946199220
0.269711391403351,0.215231064071884,6.01273261026821,0.336322402043051,0.0596808260733925,3.48188658057823
0.269703465949013,0.215213079931847,6.01024565917277,0.336322841272153,0.0596736339802716,3.48141898518095
0.269692673719134,0.215188564277699,6.01018351669512,0.336326848543174,0.0596823316042224,3.48188379000867
0.269668049950290,0.215178358229694,6.00998082702342,0.336320956920540,0.0596817443656611,3.48177483108136
0.269658620701554,0.215149387454428,6.01013187448859,0.336319137873049,0.0596830921713166,3.48185557632348
0.269645132588512,0.215116309216120,6.01029297219901,0.336317976085403,0.0596837025364007,3.48193753879627
0.269629369111272,0.215109569279476,6.00891512830979,0.336322425500586,0.0596880781609013,3.48189646603617
0.269616859485975,0.215085317164638,6.00946372459776,0.336316287226561,0.0596924548047931,3.48195174265359
0.269604438237254,0.215072627653623,6.00858247295201,0.336321638459844,0.0596897951768036,3.48148331193689
0.269599398873128,0.215051081224966,6.00507811210873,0.336323730204159,0.0596986039580046,3.48226393701592
0.269592256961533,0.215034566098019,6.00364439199144,0.336321195677067,0.0597017709156479,3.48210441264044
0.269593423238058,0.215022252467094,6.00287146097513,0.336324571642296,0.0596937380175343,3.48177076503863
0.269582215546795,0.214996609161531,6.00222233689306,0.336319443066661,0.0597008136631610,3.48245568111728
0.269581960690109,0.214974364462992,6.00155834384758,0.336329066927704,0.0597009185284408,3.48250588079988
0.269565750733662,0.214950597585738,6.00125077269332,0.336319741269225,0.0597000409010902,3.48233898280786
0.269560822895865,0.214924882329629,6.00132602114402,0.336322137016178,0.0596931538606723,3.48169342143525
0.269560094680055,0.214913208175311,5.99932485834034,0.336326165808958,0.0596967857871687,3.48187146121574
0.269540212861833,0.214894742811924,5.99877624763363,0.336325879822843,0.0596951995937058,3.48223102631751
0.269543756261049,0.214852038125745,5.99945778684211,0.336337835064086,0.0596929632089517,3.48205738696166
0.269537912830708,0.214829714387582,5.99874491021108,0.336331110425200,0.0596994890084293,3.48203929549131
0.269524213627936,0.214818360911225,5.99800753575632,0.336331702516805,0.0596930873092068,3.48177120483501
0.269513097534958,0.214798055187870,5.99788098088625,0.336331268091318,0.0596996729434915,3.48204448881364
0.269499628311343,0.214766224967613,5.99813166277222,0.336323494837982,0.0596844422524513,3.48165944001526
0.269485185886880,0.214748593994948,5.99760355696356,0.336328666397946,0.0596931362497771,3.48210735849105
0.269485857602427,0.214730195007312,5.99630907563485,0.336328887043833,0.0596832734860332,3.48132506149427
0.269459479537662,0.214706606677013,5.99635001929053,0.336325405387091,0.0596871561360417,3.48149188745559
0.269466620038273,0.214702225030874,5.99176501908185,0.336323402043051,0.0596928260733925,3.48188658057823
0.269453359789940,0.214670714948789,5.99215067729921,0.336329750468452,0.0596907751178092,3.48231370054185
0.269455178150682,0.214676933164983,5.99067751254249,0.336326784984706,0.0596868133548214,3.48216182915511
0.269435845099699,0.214651081252896,5.99040836959472,0.336326784984706,0.0596868133548214,3.48216182915511
0.269428385614050,0.214634894058174,5.99001114913825,0.336326746115086,0.0596933949090300,3.48214542510191
0.269408804589743,0.214611236198150,5.98961387096436,0.336331569572466,0.0596894284267848,3.48223296064217
0.269398392327366,0.214595796832427,5.98707358556957,0.336323202264662,0.0596848551776056,3.48172091646525
0.269384804535418,0.214576543109220,5.98625613816616,0.336318490837277,0.0596901424482266,3.48158308093356
0.269372448728290,0.214565880574445,5.98518704341720,0.336324218389111,0.0596902618064464,3.48195926464014
0.269358311212394,0.214544836315973,5.98434547105723,0.336324395683231,0.0596947875993920,3.48242395354670
0.269344819692647,0.214533369406447,5.98312812442031,0.336322336614594,0.0596866616605417,3.48180656901815
0.269342680149572,0.214514700694611,5.98169814806816,0.336323221899723,0.0596926660287462,3.48198996358532
0.269328995240453,0.214495601604845,5.98208228517017,0.336313844321375,0.0596936297499869,3.48166202831160
0.269303132590771,0.214464913940807,5.98186572230512,0.336319912936872,0.0596770913099595,3.48128375830241
0.269280022968757,0.214446874707031,5.98199440247400,0.336315609080732,0.0596899347239862,3.48218364211899
0.269267341672568,0.214432353245163,5.98084201971994,0.336317976085403,0.0596907025364007,3.48193753879627
0.269253657842006,0.214413765038934,5.98021716590715,0.336315625276741,0.0596802688255094,3.48147403085488
0.269239479575015,0.214396190908300,5.97963118632730,0.336319137873049,0.0596830921713166,3.48185557632348
0.269220352600231,0.214376217209089,5.97976204461122,0.336313834222527,0.0596748993128023,3.48156581820750
0.269197183136998,0.214349753747013,5.97977286818691,0.336317600725414,0.0596716065463041,3.48145940380841
0.269182274403402,0.214332763330740,5.97929495594915,0.336310188953917,0.0596773514629654,3.48175807767145
0.269169962492797,0.214320189073046,5.97838514594493,0.336317989353412,0.0596718188055428,3.48138135672122
0.269149934444386,0.214292457854665,5.97857105283235,0.336320907902499,0.0596714053292744,3.48103897799087
0.269139134588779,0.214289938312749,5.97724256553857,0.336326429481171,0.0596754974156471,3.48195142774179
0.269127589563397,0.214253573842387,5.97703605063766,0.336325188253856,0.0596787619104400,3.48176288440829
0.269118676900338,0.214228969554606,5.97412596400227,0.336329211812863,0.0596772829252017,3.48128023447309
0.269107118412070,0.214218170110904,5.97315973460336,0.336327007916129,0.0596774138145078,3.48168211010337
0.269088768846461,0.214189026596256,5.97337467956433,0.336327462400534,0.0596773274110111,3.48163153815957
0.269078340942321,0.214176224787804,5.97248874017675,0.336329865281879,0.0596797618449181,3.48173631407469
0.269069592495484,0.214155387740361,5.97200135161075,0.336330342774664,0.0596759955353728,3.48133347771111
0.269053121511151,0.214133357511194,5.97096482211490,0.336323028546330,0.0596740054964429,3.48152679219548
0.269033053654019,0.214118872521980,5.96987162351444,0.336327618491347,0.0596765135632061,3.48163684714540
0.269029096278535,0.214091451710495,5.96968513589332,0.336329634563080,0.0596802671731816,3.48176011091197
0.269018229673499,0.214073749000979,5.96740111108103,0.336335839085050,0.0596789983476976,3.48151982371026
0.268993227472186,0.214044300076086,5.96735198815551,0.336334602443084,0.0596767929591596,3.48164342848130
0.268977281168824,0.214027869652649,5.96664997395380,0.336329854820963,0.0596736942300536,3.48149045487320
0.268964384345072,0.214004712470015,5.96581238277764,0.336326988400570,0.0596727883748511,3.48112979821799
0.268955538397791,0.213983845163754,5.96489543585854,0.336329936351440,0.0596841443549295,3.48242145458628
0.268962840339021,0.213957847861188,5.96262339013223,0.336335066078091,0.0596766020498203,3.48179870435528
0.268942818881104,0.213935921512281,5.96211882681529,0.336327125442152,0.0596697516208351,3.48137668259822
0.268933303977665,0.213915498045830,5.96154605595674,0.336332767805610,0.0596757885797377,3.48179870624120
0.268920017721384,0.213892131321568,5.96118488623875,0.336330271505794,0.0596670824129813,3.48121636169548
0.268904723417372,0.213876522457727,5.96030424233983,0.336328043236878,0.0596734742293672,3.48160295506897
0.268894359563622,0.213857358984080,5.95993613674409,0.336332045504802,0.0596702064618863,3.48141305779371
0.268876482703762,0.213842531075247,5.95939775851171,0.336323855660178,0.0596725173638854,3.48223245515830
0.268858254238878,0.213807864800950,5.95896710971358,0.336329375819917,0.0596706828442671,3.48171393846267
0.268847795422415,0.213779505452082,5.95908205912267,0.336329635605799,0.0596704903922701,3.48170240837436
0.268839384632891,0.213762128838549,5.95739380135249,0.336330411264985,0.0596676623160461,3.48194148789523
0.268825656940138,0.213739605289769,5.95692108572961,0.336318767758436,0.0596633971945095,3.48115765558802
0.268813768171389,0.213724039759611,5.95587103444217,0.336320597765549,0.0596770318140230,3.48204921566595
0.268791737902464,0.213711693695657,5.95553436859876,0.336327471526860,0.0596699435231901,3.48101458702258
0.268785938572295,0.213676705111151,5.95550109588160,0.336328817596837,0.0596735214162221,3.48168920375906
0.268770478694852,0.213667802239117,5.95433810332005,0.336320984103075,0.0596782129931373,3.48196994235057
0.268749231746443,0.213647625477361,5.95466075996434,0.336322685944053,0.0596822323425907,3.48210842112005
0.268751058523989,0.213636034600578,5.95320818712129,0.336318792788742,0.0596813392370499,3.48188489979940
0.268735063075757,0.213616046449553,5.95076637466356,0.336316377202074,0.0596776317398221,3.48180979582927
0.268721518937809,0.213603979515602,5.95096410648942,0.336316377202074,0.0596846317398221,3.48180979582927
0.268716222511390,0.213575125970220,5.95035386204333,0.336314728760469,0.0596788009099035,3.48184031862656
0.268693456605029,0.213558772313297,5.95036342056967,0.336310017946052,0.0596955904334018,3.48230494763088
0.268684320656796,0.213549325702868,5.94917285694117,0.336312089216127,0.0596886463425248,3.48176895898849
0.268673667155673,0.213520061973803,5.94876254496034,0.336309774079454,0.0596832031899304,3.48158148132307
0.268657787820022,0.213510394271971,5.94629507752776,0.336313515333042,0.0596886253646654,3.48146385465157
0.268649438793524,0.213489193729710,5.94554683845888,0.336310624989472,0.0596817226060647,3.48184795493994
0.268628503240541,0.213467232251515,5.94478516572314,0.336314303699100,0.0596869454357152,3.48176365849101
0.268614833697898,0.213452477380398,5.94405420941342,0.336313398058988,0.0596915720713676,3.48228178853057
0.268598831612527,0.213422299571738,5.94362115504309,0.336313654054929,0.0596799627990448,3.48148988488230
0.268586075579795,0.213404160348503,5.94294745914156,0.336306023090155,0.0596981180639980,3.48224003148464
0.268579139494450,0.213387640730697,5.94087202137709,0.336314734792767,0.0596930357852959,3.48199759003039
0.268567087184894,0.213352771989510,5.94236562539868,0.336314536643290,0.0596883178596143,3.48143674538605
0.268550983937189,0.213339433098779,5.94125246160267,0.336306479420872,0.0596835295303650,3.48225015395976
0.268538374624657,0.213311480842236,5.94113252270859,0.336308256030777,0.0596897328938355,3.48215180106538
0.268519746998943,0.213291628638293,5.94125687795101,0.336312069056707,0.0596967629857948,3.48190316180439
0.268501254056566,0.213274607354361,5.94051713352829,0.336309590911040,0.0596856134368566,3.48126899812492
0.268479632361648,0.213251516027144,5.94024110201291,0.336319350837267,0.0596873639671500,3.48206622513560
0.268455251725799,0.213231130857303,5.94044703702107,0.336313387440917,0.0596887201536964,3.48146953152650
0.268448675716125,0.213213081901956,5.93982198392584,0.336314258240995,0.0596972193703187,3.48204479127006
0.268429501887389,0.213194799072079,5.93915430146083,0.336315742694730,0.0596865927187817,3.48172186785329
0.268414744857367,0.213170904117654,5.93846161921590,0.336316422374162,0.0596972542612620,3.48228035134342
0.268387354227480,0.213146805879614,5.93843084073542,0.336316353806504,0.0596981506355086,3.48222223159383
0.268378676770639,0.213132389140633,5.93726622905831,0.336323010936008,0.0596901385636805,3.48126780336933
0.268358691026548,0.213102653784038,5.93746067459386,0.336325978063476,0.0596995279437332,3.48272278733639
0.268366044905456,0.213079651819591,5.93388109659213,0.336322373180863,0.0596962916573505,3.48256890889073
0.268341757257871,0.213051960544985,5.93376311055813,0.336326109146351,0.0596953249367215,3.48205629853932
0.268326797630948,0.213025071195673,5.93300611829237,0.336322035544224,0.0596916834532191,3.48200770792097
0.268303614741184,0.213002926905705,5.93260757075808,0.336331764907868,0.0596937574549347,3.48179748564884
0.268295041333417,0.212983809067878,5.93272698234498,0.336325189043638,0.0596857711854955,3.48181815103650
0.268274307602979,0.212966631727955,5.93125651577865,0.336319566047267,0.0596935119201440,3.48212402732458
0.268268607512271,0.212945887432238,5.92925338950799,0.336329490651252,0.0596909674616710,3.48232523309773
0.268245245400973,0.212914848762513,5.92904413427396,0.336336980949434,0.0596834437608587,3.48154771963604
0.268247546811540,0.212898873401243,5.92786701649833,0.336332137016178,0.0596841538606723,3.48169342143525
0.268227897009480,0.212885603397254,5.92684843572459,0.336326168716924,0.0596888170772169,3.48187268809794
0.268205953944382,0.212848792230525,5.92736871430268,0.336328744189031,0.0596910723836021,3.48234021721399
0.268187147836878,0.212824249101695,5.92599523395661,0.336329377811439,0.0596846513556647,3.48213238285429
0.268182403615372,0.212802715265748,5.92537995318342,0.336336334529910,0.0596881108992429,3.48188222052655
0.268166603511227,0.212781954262169,5.92461340257594,0.336328805890475,0.0596899243669629,3.48267201972458
0.268169296654992,0.212755534543869,5.92238394126560,0.336335627000053,0.0596886347654187,3.48191361706546
0.268159746860793,0.212719501337782,5.92219198781763,0.336331569572466,0.0596894284267848,3.48223296064217
0.268148317031646,0.212645919260896,5.92368346902174,0.336324373134010,0.0596824854201278,3.48185127283561
0.268731318044783,0.210880600508718,5.92280246606262,0.336319368114442,0.0596879466037235,3.48186072324567
0.269324830485639,0.208814364438432,5.92817670609675,0.336327792364114,0.0596873639497269,3.48183101200297
0.269960536335795,0.206725011897629,5.93256890458474,0.336319105596148,0.0596821440058508,3.48162921976945
0.270569969131316,0.204590927882043,5.93659479504541,0.336321388087595,0.0596840269434912,3.48236965991420
0.271226179259600,0.202541659310797,5.93761180376389,0.336321809782567,0.0596798029518050,3.48173877687004
0.271805173436157,0.200417151587239,5.94525142147827,0.336323432890608,0.0596783504403099,3.48169714637153
0.272474729626533,0.198358510841524,5.94720082050374,0.336311295152042,0.0596770339755144,3.48140494140102
0.273076576936250,0.196242488765277,5.95036572353257,0.336310624989472,0.0596817226060647,3.48184795493994
0.273723793152725,0.194171390147567,5.95323915508639,0.336309713846376,0.0596769000346446,3.48170604457901
0.274310175409795,0.192080311394202,5.95859574930035,0.336307935551418,0.0596831626939836,3.48198549239293
0.274957887465183,0.190004506976247,5.96111698393040,0.336308196662969,0.0596844683195619,3.48203467558303
0.275585618650890,0.187903914459113,5.96578879049087,0.336307135167747,0.0596807957022231,3.48212991059186
0.276178297393801,0.185830763377582,5.96916216552039,0.336302180596693,0.0596827619652275,3.48159830811640
0.276842189130051,0.183751877738780,5.97058192869223,0.336302605392721,0.0596889543380106,3.48174784678921
0.277445918019234,0.181645171038097,5.97613264116687,0.336305726411234,0.0596862977932093,3.48214432815094
0.278099952738849,0.179566117083076,5.97641758722783,0.336300976085403,0.0596837025364007,3.48193753879627
0.278680511587510,0.177465675988995,5.98649921739230,0.336311332153931,0.0596847529053881,3.48231881291035
0.279352707373849,0.175389167553061,5.98684933863968,0.336304481801949,0.0596826070502665,3.48159956697356
0.279927325871478,0.173273618024992,5.99476931133552,0.336308260963323,0.0596846711961865,3.48200143555239
0.280607975216357,0.171224522866272,5.99376977536224,0.336308391254085,0.0596755746994591,3.48199565244793
0.281170075557011,0.169095365527103,5.99904382449218,0.336308356588184,0.0596765877131372,3.48171285555213
0.281857304780443,0.167030635144372,6.00325877053522,0.336311594837910,0.0596790003686521,3.48204798308306
0.282453628368670,0.164902110121786,6.00646066982758,0.336317117260746,0.0596766618018011,3.48159019180826
0.283120176443821,0.162845252024976,6.01055415024369,0.336310167957624,0.0596768138060419,3.48165548476204
0.283694492903776,0.160745972839508,6.01525660315225,0.336313194608553,0.0596773354673317,3.48163321885075
0.284341021980553,0.158673336033249,6.01970786944090,0.336313272527360,0.0596692982053468,3.48106286921912
0.284965256539903,0.156611177806211,6.02068906120719,0.336311752900473,0.0596819429449060,3.48159743761350
0.285588347877472,0.154499673591066,6.02675198510987,0.336315922100966,0.0596850901225514,3.48156981556056
0.286223291953732,0.152448717951773,6.02755270382953,0.336320767228763,0.0596773193652082,3.48205171039530
0.286825840353940,0.150325653852634,6.03385768885120,0.336317505436335,0.0596838391384767,3.48162546706833
0.287485321178648,0.148279115354771,6.03319494738003,0.336329714220812,0.0596851422159510,3.48167281800802
0.288072306000094,0.146171931152762,6.03969550872718,0.336320975827770,0.0596762253993212,3.48136239283023
0.288733949104574,0.144105582167062,6.04124155782645,0.336316538192624,0.0596845560709178,3.48166841606864
0.289292964355517,0.142012766298547,6.04836203517568,0.336323787316813,0.0596845999622870,3.48201971004352
0.289983022250059,0.139929778399920,6.04966587459487,0.336324668811336,0.0596904290335514,3.48187848631412
0.290534698040393,0.137837687621113,6.05724254955228,0.336325616518592,0.0596861747161073,3.48239593789728
0.291223823606162,0.135749185952425,6.05843219460134,0.336323005078642,0.0596717533207742,3.48151690420682
0.291796363759001,0.133682744537332,6.06158489936082,0.336328441142730,0.0596793841092682,3.48174143332380
0.292466651739358,0.131563013785702,6.06629657627605,0.336330703547234,0.0596717100128085,3.48139782939186
0.293065930981149,0.129515690408011,6.06648592221854,0.336325080550170,0.0596739613456041,3.48181987977054
0.293707700539868,0.127407428655597,6.07396654139291,0.336331128089090,0.0596776004734449,3.48172600137394
0.294299874174629,0.125367614472648,6.07709082813650,0.336334547105013,0.0596731747522455,3.48200591981429
0.294939103286994,0.123271974552009,6.08308794574482,0.336328601640968,0.0596794718289294,3.48183812299637
0.295543959238975,0.121197599229973,6.08593335732346,0.336330801969625,0.0596711278636889,3.48146824734457
0.296167430028276,0.119130064341550,6.09180556651046,0.336326352726783,0.0596798405024800,3.48222404341191
0.296784088692953,0.117049082741853,6.09357557781067,0.336330729336836,0.0596716902445878,3.48158752927109
0.297399843817737,0.114980438235137,6.09795458755902,0.336331674200390,0.0596784968055582,3.48171396382889
0.298028357631475,0.112906472616715,6.10030193697366,0.336327434136758,0.0596788337342386,3.48207225701894
0.298631068097578,0.110826540245697,6.10648782045526,0.336329801969625,0.0596801278636889,3.48146824734457
0.299262755137741,0.108775035629011,6.10726291734399,0.336327068143955,0.0596878720753212,3.48216014185758
0.299873596687498,0.106688388235517,6.11217988900990,0.336324599786909,0.0596842040914094,3.48208744034653
0.300516528048176,0.104617837565959,6.11528099494976,0.336329736525835,0.0596884265538767,3.48144074797934
0.301096782226608,0.102584689100209,6.12048717156475,0.336321027237244,0.0596934825588910,3.48210185187798
0.301723998120069,0.100503498517324,6.12507176158541,0.336323981937553,0.0596997062397103,3.48198067953775
0.302318846534177,0.0984444731135969,6.13097089613943,0.336315022672679,0.0596971280782236,3.48229535143816
0.302765750893725,0.0966337213258834,6.13330300909704,0.336527111428262,0.0594060474219742,3.48116235338876
0.302364267265173,0.0958834050283659,6.15557614584519,0.337512030427710,0.0581308635217678,3.49849590562638
0.302050268303260,0.0951628325551938,6.17302700028167,0.338484272374628,0.0566627169564272,3.50918401826873
0.301711264918275,0.0944643161437429,6.18885562716447,0.339453093463266,0.0553893478458997,3.52634747544453
0.301332456579130,0.0936925466493129,6.21015019762853,0.340434915382214,0.0540914158856191,3.54364448113673
0.300975881827816,0.0929880358894678,6.22744490148182,0.341424221147247,0.0526898935327345,3.55441908862334
0.300667153847208,0.0922859422201262,6.24628017421597,0.342380498897228,0.0513779945205492,3.57179726073727
0.300287093346494,0.0915358684508615,6.26312481317478,0.343347770690443,0.0500579150017681,3.58379184756420
0.299909871944322,0.0908325094378900,0.000150008288900928,0.344315469689204,0.0486973523316504,3.59434662140107
0.299609470130776,0.0901035288845642,0.0193389741858368,0.345279856250451,0.0473831291519107,3.60865505546354
0.299217399920995,0.0894037276414904,0.0380670981357322,0.346218784994137,0.0460796175822558,3.62217257948626
0.298842036633965,0.0886611964667555,0.0572893495788282,0.347151043354309,0.0447683896848198,3.63444225195488
0.298539077343761,0.0879317871991715,0.0782267967039873,0.348098709304865,0.0434573966601225,3.64663586255506
0.298146970933830,0.0871927490498402,0.0975254788427480,0.349025387267589,0.0422050751997644,3.65975005594290
0.297809240786872,0.0864585309915045,0.112963704054300,0.349957474870040,0.0408712549938756,3.66836643968868
0.297442899174729,0.0857667082121362,0.134114850952109,0.350869684203068,0.0395627221630834,3.68009440786640
0.297100508296593,0.0850234180432518,0.152599002174185,0.351791059768839,0.0382907023217567,3.68964537471070
0.296762343753033,0.0843084895186005,0.169307973563392,0.352692070692309,0.0370050024202931,3.70240720031547
0.296420009051872,0.0835632154372241,0.191123717534813,0.353621082966473,0.0357501679732628,3.71242920686755
0.296068594029699,0.0828614610721812,0.208182981292948,0.354533355657981,0.0345024254038311,3.72307968788116
0.295696054075141,0.0821373699825277,0.226081888862394,0.355422598991564,0.0332628622332866,3.73682868267392
0.295345063223433,0.0814124835858710,0.245719231935461,0.356288776777569,0.0319641886091641,3.74561412404235
0.294996254932869,0.0806805725474286,0.264624544812070,0.357185016477012,0.0307374816291150,3.75306437602817
0.294624078701533,0.0799504697293270,0.283739597585640,0.358068335098069,0.0295221515944122,3.76249174060590
0.294296802401778,0.0792876103661154,0.299761957785363,0.358948284117436,0.0282805462475715,3.77155987312309
0.293954692692046,0.0785250243666942,0.323810743111972,0.359831738938416,0.0270406243806223,3.77798717151760
0.293596937869777,0.0777927672707997,0.341323974422848,0.360688454413399,0.0257944324771517,3.79273293949047
0.293256219079269,0.0770603907644818,0.358944177735128,0.361565748977431,0.0246259960155447,3.80021551684645
0.292880494611608,0.0763893357064135,0.374046619172477,0.362423035700853,0.0233462486835017,3.80760097164612
0.292532086383531,0.0756760173644252,0.394148244141683,0.363285160033165,0.0221502111493130,3.81472787030247
0.292205588279510,0.0748541790687179,0.418476151472758,0.364123608015774,0.0209557482380369,3.82404790820305
0.291824926057952,0.0742142368487290,0.432409205222048,0.364977449718952,0.0197390637512336,3.83307910145153
0.291511781678625,0.0735024543276995,0.451253077747847,0.365828881824176,0.0185431485572154,3.83897192828180
0.291140362586144,0.0727810724472848,0.471597693564998,0.366653127407482,0.0173373163044383,3.84892515238363
0.290796000391286,0.0719960099543570,0.494716868182481,0.367485861115196,0.0161483022309006,3.85349585406085
0.290427287824732,0.0713510343004656,0.507144949794516,0.368330819414684,0.0149848689207228,3.85891522254074
0.290059769858717,0.0706448263686808,0.527346305213101,0.369142590436877,0.0138245088006632,3.86704016839325
0.289715072376536,0.0698868296635371,0.545315643853014,0.369947593788148,0.0126508017231091,3.87372681189059
0.289382027817154,0.0691469163842783,0.563564769807395,0.370779824670795,0.0114789009455334,3.87919068549175
0.289013427900117,0.0684802398430114,0.583178770937811,0.371573397583126,0.0103506302586091,3.88493501245081
0.288626284318804,0.0677419714197137,0.601605569445929,0.372357946351123,0.00922521518026655,3.89368027167325
0.288340209487828,0.0670191782827777,0.619743591186733,0.373158083659036,0.00809236951770740,3.89607191594114
0.287932965561052,0.0663085723057829,0.640211084919002,0.373947509370599,0.00691821209471843,3.90375058023214
0.287575219779371,0.0655896374813436,0.656051511940325,0.374750752052204,0.00578039087076392,3.90817266514491
0.287266838530801,0.0648718492051467,0.676031310586370,0.375538475365302,0.00466166465641747,3.91247777208343
0.286883117580290,0.0641048381381864,0.695021623680460,0.376292723150704,0.00354780468938634,3.91804921778789
0.286517981603762,0.0634143727057694,0.712337569580918,0.377091979343337,0.00240389974617149,3.92357603084899
0.286193679867161,0.0627201335004445,0.732725069240456,0.377864495901327,0.00129308669681588,3.92959219746871
0.285837044979432,0.0619623552067375,0.755820915314746,0.378645494793371,0.000212314962841883,3.93203344142943
0.285451631255143,0.0613068104925642,0.767376682459645,0.379393274300505,-0.000925094100148210,3.93645083044912
0.285108164983676,0.0605736206134499,0.791026935167557,0.380163495921550,-0.00198276692798555,3.94347216049007
0.284755408005748,0.0598577723413743,0.808108514974555,0.380920614084646,-0.00307130229236892,3.94657378967313
0.284422928751817,0.0591599308731832,0.826224452335683,0.381654484945461,-0.00415571798531463,3.95034871445689
0.284042599025474,0.0584201451953919,0.846352330443634,0.382413650478181,-0.00526537260285221,3.95338872532653
0.283671585038284,0.0577427996392474,0.862962973154245,0.383137140651829,-0.00633549930772587,3.96063543193183
0.283322989936653,0.0569903616031313,0.881492699945294,0.383851512155210,-0.00741022527872586,3.96743623769423
0.282988160961914,0.0563028082496331,0.902189243789385,0.384583834422668,-0.00848278427546584,3.97218668001761
0.282598689482423,0.0555913513425468,0.919196903915031,0.385319951030568,-0.00955503105248441,3.97701146192385
0.282275862042635,0.0548576302148185,0.940084365632582,0.386081151596923,-0.0105655364991561,3.97983525756255
0.281905666116269,0.0541680464146641,0.955391259599214,0.386784611882862,-0.0116698387946536,3.98340286256246
0.281554535067822,0.0534323500141294,0.977477543663977,0.387494786436127,-0.0126898527084175,3.99127701868133
0.281192264216641,0.0527313753611875,0.993638318308990,0.388251938039550,-0.0137565318658057,3.99423095846299
0.280853484345001,0.0520005754605743,1.01414648406277,0.388901288349893,-0.0148109500148021,4.00308278006597
0.280498992009022,0.0513305562853214,1.03464262308020,0.389678662640803,-0.0158547014696087,4.00424136973240
0.280158486211475,0.0505859240793491,1.05104660414081,0.390340083519079,-0.0168668861800490,4.01346236003709
0.279764024999021,0.0498587872703045,1.07016523379735,0.391061260375225,-0.0179502986864511,4.01475302569389
0.279409994815058,0.0491584563507862,1.08825561998593,0.391794112357200,-0.0190089927476778,4.01890935393690
0.279059062497401,0.0484683159562169,1.10727943885458,0.392447367344814,-0.0199893414755195,4.02731401652829
0.278701925511809,0.0477274616150931,1.12719496140423,0.393193688557676,-0.0210301280171254,4.03105107062298
0.278364329787815,0.0470383304191614,1.14623664559223,0.393859119002954,-0.0220094556651090,4.03800668963775
0.278016744633260,0.0462905722414595,1.16542789009152,0.394583149621724,-0.0230280346197902,4.04499773615396
0.277667306895155,0.0456126356833760,1.18417585299913,0.395272369046137,-0.0240806697162499,4.05078321140796
0.277317286819953,0.0448703549519033,1.20269445269576,0.395923339111797,-0.0250786730132317,4.05731120690529
0.276926284957588,0.0441769449907567,1.22255119531272,0.396681367277266,-0.0261180223786404,4.05885273673419
0.276558802144219,0.0434448261810319,1.23885030482988,0.397323459214851,-0.0270602432479313,4.06603186326913
0.276235418480787,0.0427578635133600,1.25748266664448,0.398045081164183,-0.0280957324605569,4.06816594032183
0.275847141928368,0.0420612217638266,1.27951532466297,0.398714531258051,-0.0290422520058818,4.07879825612979
0.275490293302591,0.0413306738963149,1.29601270107385,0.399397478455739,-0.0300518882739757,4.08520473557016
0.275143640821192,0.0406467843833296,1.31343163814524,0.400046856472651,-0.0310242974483994,4.09071069490883
0.274758227894107,0.0399181685872743,1.33333417995609,0.400723644170913,-0.0320111572308670,4.09686488595538
0.274430017755561,0.0392215697325306,1.35305002401738,0.401380348312869,-0.0329583732886171,4.10558186650675
0.274061911878264,0.0385388097283110,1.37192500105052,0.402068268902620,-0.0339622745122676,4.10936259397325
0.273694437316601,0.0377659053044641,1.39038497370587,0.402729897707695,-0.0349108543412988,4.11278306959124
0.273353994926387,0.0370719664918265,1.40694784719688,0.403412848484258,-0.0359129791294768,4.11938454011825
0.272965481616398,0.0363974082383945,1.42745452074516,0.404054266105363,-0.0368519848840110,4.12660732363647
0.272619557198820,0.0356284231737660,1.44927136409932,0.404724620801642,-0.0378252854947706,4.13027457792347
0.272263183486123,0.0349167208608346,1.46312712209583,0.405404904137791,-0.0388148017517097,4.13525360622073
0.271878012390340,0.0342510379141595,1.48036598479209,0.406041801684068,-0.0397679866041345,4.14133514856683
0.271505277679572,0.0334952899950798,1.50257124915283,0.406735520352391,-0.0407503654850160,4.14420938400830
0.271130686072534,0.0328160015567110,1.51793344338043,0.407329792894107,-0.0416654019698665,4.15241429765724
0.270744918496115,0.0321676195280689,1.53651350868634,0.408034296286027,-0.0426541482827218,4.15521360560562
0.270423254131283,0.0314059519329544,1.55675758112766,0.408592392327238,-0.0435420979107384,4.16510055452776
0.270047586855959,0.0306998155362422,1.57180993491298,0.409297662590121,-0.0445329846762581,4.16780014663974
0.269665485396235,0.0300503767562424,1.59317622040936,0.409856003413478,-0.0454183882794795,4.17587349129332
0.269334143150776,0.0293382673930605,1.61435073419099,0.410529687074962,-0.0463344045925004,4.18123540923291
0.268953667425561,0.0285856007166090,1.62808368595663,0.411114285707086,-0.0472658022332248,4.19095527691034
0.268559329113497,0.0278817387334507,1.64510264153431,0.411748787683490,-0.0481596853034506,4.19474472355575
0.268181327768682,0.0272218670709105,1.66590393726762,0.412317149407419,-0.0490917655077276,4.20531952303878
0.267834265475371,0.0265579014198565,1.68435438577277,0.412982515148688,-0.0499847208075000,4.21208541832765
0.267519245004800,0.0258002756170100,1.70702142238869,0.413576993228755,-0.0508902513141400,4.21700320013058
0.267155283078383,0.0250989372568139,1.72166350721435,0.414181171035110,-0.0517884206706545,4.22656890083488
0.266778279547433,0.0244238475970751,1.73928781464554,0.414777094491804,-0.0526997856301055,4.23434254133101
0.266370729950914,0.0237643188215719,1.75957928386095,0.415389539453327,-0.0535498565757073,4.23968254017198
0.266016508299585,0.0230441669375756,1.77796143525065,0.415974396938247,-0.0544682138047628,4.24975971069767
0.265694354395231,0.0223209540217831,1.79514981067647,0.416562527632773,-0.0553421290771472,4.25654578345862
0.265327091964119,0.0216225094551162,1.81502344631111,0.417141753201044,-0.0562202058560332,4.26277255783486
0.264930117460598,0.0209564025838422,1.83252659681310,0.417760230965134,-0.0570990947695081,4.27087717269388
0.264556353294707,0.0202898895346248,1.84973485816290,0.418298223430531,-0.0579565553673313,4.27915482339836
0.264217072918713,0.0195890413644825,1.87141454002422,0.418903729086431,-0.0588353084128399,4.28569420707144
0.263847402006376,0.0188864697774388,1.88641216791209,0.419443034629110,-0.0596925478835503,4.29716048803286
0.263471074385320,0.0181820214874532,1.90545175006731,0.420045409366342,-0.0605619797772859,4.30264173506203
0.263097313413683,0.0174857956588077,1.92521605528897,0.420593881098139,-0.0614239484765812,4.31096429576608
0.262732235259993,0.0168000645176579,1.94237190192952,0.421174498219890,-0.0622568529372122,4.31892371917232
0.262387158400345,0.0161400433153535,1.96210555009518,0.421733906964913,-0.0631276149670327,4.32446734918290
0.262025346933183,0.0154870094005095,1.98066490505792,0.422309788526889,-0.0640045768528244,4.33373584267129
0.261626201648494,0.0147785207072278,1.99585609728885,0.422869891855065,-0.0647949241411120,4.34102290780968
0.261224881255173,0.0140786762254518,2.01441451354980,0.423398659448395,-0.0656634166761823,4.34810743113258
0.260957271400507,0.0134675684508498,2.03633268122190,0.424007762739108,-0.0664910695352757,4.35533767915438
0.260617986605908,0.0127929944390548,2.05616313410286,0.424521262575956,-0.0673105840264731,4.36376305927510
0.260146581213836,0.0120572513072950,2.07167338317061,0.425097359319129,-0.0681216054814741,4.36940021503819
0.259791642022260,0.0113606444477758,2.08753421849926,0.425613330614524,-0.0689693013228539,4.38039861771502
0.259573541808185,0.0107996863538368,2.11547458650389,0.426143991257120,-0.0697475256291935,4.38818058331008
0.259042227877158,0.0100865288963946,2.12567121245024,0.426725649628123,-0.0705726702896527,4.39449187467583
0.258715410145244,0.00938079330194572,2.14457847423056,0.427199458341839,-0.0713894434975039,4.40694042616570
0.258467250616634,0.00878097558287715,2.17001376290980,0.427772450027872,-0.0721752299418710,4.41273251685576
0.257958004438805,0.00806597535121554,2.17968005333415,0.428276862152036,-0.0730009453823916,4.42085891044988
0.257653316355689,0.00740912758584290,2.20256627638591,0.428798383727056,-0.0737835074512579,4.42984970441774
0.257277944121390,0.00678251662051114,2.22092489831544,0.429322142353348,-0.0745294207374575,4.43871498288529
0.256871257655797,0.00609636179676412,2.23490789629277,0.429831265212545,-0.0753854098879379,4.44550896773751
0.256561249554222,0.00539854172085763,2.25827485755178,0.430344540259735,-0.0761482550946344,4.45573122618833
0.256159064916281,0.00479494385962748,2.27349332448316,0.430843280008913,-0.0769288965073000,4.46382995202988
0.255820940740106,0.00409940081923734,2.29605916591815,0.431362756858022,-0.0777620120185428,4.47316345734817
0.255456423037227,0.00344902929351064,2.31073028975173,0.431852480923626,-0.0785144773948060,4.47881730489642
0.255060111834575,0.00279183169103027,2.33003210631527,0.432349589016749,-0.0792718951470942,4.48764021681349
0.254705701107746,0.00216114041386280,2.34849624298902,0.432860178122756,-0.0800337782416562,4.49500931198314
0.254352111772008,0.00150700611366231,2.36818553653496,0.433356549303762,-0.0807857356841265,4.50185938782352
0.253973005668296,0.000839409756821944,2.38681234129415,0.433836119589581,-0.0816058337138736,4.51314873733750
0.253605987747651,0.000189177453089973,2.40414765551167,0.434353419591334,-0.0824007991467378,4.51624101130837
0.253227798653594,-0.000458806829647874,2.42337803816279,0.434826386434085,-0.0831469533275503,4.52943728975674
0.252886167402635,-0.00108624130877950,2.44112460604519,0.435288588040154,-0.0838732249407814,4.53256328450754
0.252512712810257,-0.00173771695806855,2.46232473678672,0.435779065670659,-0.0846020735784916,4.54224662221406
0.252141868232169,-0.00240079700950211,2.47650928218143,0.436255300352469,-0.0853675531081861,4.55255956423367
0.251787065238535,-0.00301433414444913,2.49901985806740,0.436721175271182,-0.0861597703164415,4.55791190459159
0.251424622991255,-0.00368887060201595,2.51326281966187,0.437229101019330,-0.0869130402252727,4.56904876337835
0.251059179614554,-0.00426986494757060,2.53586119541571,0.437670298844408,-0.0876392246259909,4.57155134908813
0.250699462412884,-0.00495473992308947,2.55018310354774,0.438124582250046,-0.0883363911177764,4.58412949728716
0.250326328993310,-0.00552283748845131,2.57366824487937,0.438576820799890,-0.0890496219239096,4.59057863643524
0.249946145102434,-0.00620972908523298,2.58616758952611,0.439024223592311,-0.0898307158836030,4.60083182965492
0.249592695260842,-0.00678600504113524,2.61122908307731,0.439478945290430,-0.0905624255898169,4.61034060415731
0.249228193974623,-0.00743518212816745,2.62441351109715,0.439905316482948,-0.0913119512282552,4.61755047399238
0.248839741710022,-0.00805542629881564,2.64476496885202,0.440365156713261,-0.0919953840636600,4.62736434689270
0.248489553450689,-0.00867665778446135,2.66190948551062,0.440809614940619,-0.0926989258169079,4.63479236098869
0.248125203694424,-0.00929250736240256,2.67871868414302,0.441263937683939,-0.0934661937028396,4.64286084094995
0.247765334642045,-0.00990861129019309,2.69876858438329,0.441701596739669,-0.0941840356754987,4.65339321820620
0.247400009072542,-0.0105490583233929,2.71320723709119,0.442114154269340,-0.0949081105140768,4.66056191568662
0.247028367941430,-0.0111412377367700,2.73384211940953,0.442508617865347,-0.0955507603765951,4.67335425380271
0.246670910068372,-0.0117626987336283,2.75118117020899,0.442941660156174,-0.0962751321121247,4.67861052522676
0.246316551249149,-0.0123885314726192,2.76875433687329,0.443382529253029,-0.0969889383345898,4.68903879067637
0.245956522324214,-0.0129840277578569,2.78724364886466,0.443816790188991,-0.0977610101511019,4.69763537037243
0.245591069982359,-0.0135942769277350,2.80445849525121,0.444219503880196,-0.0984009436028375,4.70639600905422
0.245238513700184,-0.0142058719094883,2.82305480086882,0.444684458342902,-0.0990847439006781,4.71416850626338
0.244829317092307,-0.0148300760212605,2.84010159631441,0.445071768296468,-0.0998169523597104,4.72173890559461
0.244539162320057,-0.0154266162541529,2.85851770333230,0.445469209841477,-0.100568466347022,4.73866239409525
0.244126617327659,-0.0159972909266368,2.87821693953731,0.445865803147401,-0.101111581393487,4.73989095532948
0.243784714644041,-0.0166249476326515,2.89463618710401,0.446275596135512,-0.101837449349945,4.75494345644878
0.243429765682211,-0.0172332510549588,2.91312807505745,0.446707171717613,-0.102606619121928,4.75677162722009
0.243072355985358,-0.0177766145341189,2.93391387133967,0.447088926567186,-0.103199294427918,4.77477618972839
0.242714460896757,-0.0184368154698045,2.94901908219630,0.447490074244657,-0.103889720854157,4.77762635790062
0.242387259748964,-0.0190141351694731,2.96764116630763,0.447904062808817,-0.104632378875442,4.78794966326486
0.241964146395163,-0.0195604488035097,2.98832919129373,0.448317687758281,-0.105329263452110,4.79576681560997
0.241676115591503,-0.0201733856087472,3.00427624254817,0.448680810298187,-0.105935606877230,4.80717871514041
0.241306341877326,-0.0207676083544307,3.02349301076766,0.449053768603849,-0.106652500414343,4.81558220258461
0.240908220320510,-0.0213140412294437,3.04152918016430,0.449509800169444,-0.107368249054293,4.82035234942058
0.240619469979242,-0.0219213819497873,3.05919674841556,0.449893822943462,-0.107963177436207,4.83609367429309
0.240213720302549,-0.0225178019405863,3.07539012345097,0.450252205970191,-0.108673978142568,4.84130114180122
0.239855607420237,-0.0230766616831897,3.09361774464821,0.450632234884155,-0.109359009382519,4.85329085459664
0.239501634477732,-0.0236542889800178,3.11194183619863,0.451002119337048,-0.109966055862555,4.86202473317915
0.239151976260309,-0.0242296934547777,3.12652662947670,0.451446930862239,-0.110647155844461,4.87024448133913
0.238809716114679,-0.0248235159176971,3.14506242183986,0.451820205376090,-0.111384246580911,4.87818568420265
0.238406231426580,-0.0253878449648827,3.15974293100239,0.452224324230414,-0.111985195580332,4.88859522464820
0.238089029357547,-0.0259258387632548,3.17987138283746,0.452589560448211,-0.112688714268761,4.89848661483584
0.237749446887265,-0.0265404132759398,3.19452843599792,0.452963096773467,-0.113330191104630,4.90603372641352
0.237345440938531,-0.0271239235686312,3.20998039372754,0.453326352910387,-0.113965765494568,4.91856206751798
0.237027210417520,-0.0276731967388031,3.22971833359054,0.453690159625310,-0.114670559678165,4.92783078491244
0.236666096084176,-0.0282464795570252,3.24623870101584,0.454114735988370,-0.115351051107208,4.93629848542917
0.236290805537276,-0.0288308474327844,3.26411843850598,0.454444118970635,-0.115969233816014,4.94398097409747
0.235960476118410,-0.0294116030234572,3.28157885322335,0.454826757366646,-0.116645525542589,4.95854041156664
0.235588297276713,-0.0299864325471944,3.29797693532164,0.455237788994257,-0.117292718585136,4.95876526232659
0.235208137467874,-0.0305134534965797,3.31825094569131,0.455570943922872,-0.117984863788250,4.97792725206363
0.234870066702801,-0.0311564264869492,3.33329200046508,0.455926528527206,-0.118607699182277,4.98157287446068
0.234549637276523,-0.0316920653469531,3.35160461388050,0.456367373617149,-0.119305996276041,4.99289147744416
0.234184381884662,-0.0323139213690407,3.36611772207939,0.456672563760021,-0.119912843040761,5.00201534089877
0.233824889574197,-0.0328249046576482,3.38624243360566,0.457058431655798,-0.120583674938544,5.01496223211342
0.233452795824303,-0.0333843528917338,3.40238515632986,0.457439695943006,-0.121241379530975,5.01898003597992
0.233112494919979,-0.0339534627303164,3.41785662056506,0.457796882626164,-0.121866382860308,5.03363780496951
0.232776045389197,-0.0345726478460848,3.43638005121894,0.458139987608471,-0.122572826588679,5.03893974710641
0.232440436829126,-0.0351142932736299,3.45127293971505,0.458515291661239,-0.123188158605563,5.05292027638981
0.232071325622877,-0.0357041334612725,3.46614812900324,0.458914747709565,-0.123877500747207,5.05896166435366
0.231709516496783,-0.0362201256695707,3.48612257081003,0.459260462347179,-0.124464690792468,5.06949196334375
0.231356071282998,-0.0368025014107051,3.50313745523656,0.459650103376655,-0.125150407594683,5.07868304567944
0.231031782745709,-0.0373423315877064,3.52172207936020,0.459986436689141,-0.125802563408238,5.08907596072190
0.230706667947170,-0.0379507504085117,3.53574850560134,0.460303117663783,-0.126439543216004,5.10037187335645
0.230346683775717,-0.0384916299877996,3.55019496241943,0.460706399870288,-0.127095451683479,5.10782430479815
0.229961443901376,-0.0390706115022793,3.56905947092796,0.461069534222415,-0.127764331428272,5.11775336165878
0.229596293376428,-0.0395833144070597,3.58710887693672,0.461371481925461,-0.128394398419487,5.12934105717749
0.229291781636698,-0.0401562915699805,3.60338998775017,0.461779728368016,-0.129029646279548,5.14000891315258
0.228976725292138,-0.0407190633495921,3.61986917396272,0.462175758047731,-0.129674652751083,5.14455587136629
0.228561375069656,-0.0412696754062706,3.63946631141776,0.462449518825481,-0.130304825137238,5.16294157945028
0.228175703619027,-0.0418070677502954,3.65876532494883,0.462886087219512,-0.130937036993216,5.16446148546221
0.227873474456871,-0.0424251922503590,3.66926340070662,0.463228897076129,-0.131580272296834,5.17936918610840
0.227528169941833,-0.0429634005392541,3.68647032415755,0.463522758205914,-0.132221070856470,5.18676398490951
0.227117645000922,-0.0434942911894976,3.70602914979324,0.463930446949035,-0.132835192401030,5.19950881782028
0.226780554737716,-0.0440933658921438,3.72316690498118,0.464317318976304,-0.133481338068802,5.20403466591253
0.226433292453897,-0.0446159128697397,3.74336830435878,0.464628803836387,-0.134095155099806,5.21898222221302
0.226085006872901,-0.0451919621604969,3.75819576947999,0.464977744671770,-0.134760164495323,5.22742053961628
0.225750202123583,-0.0457514518472542,3.77542079894678,0.465415780386498,-0.135402973147421,5.23525943910254
0.225367737933470,-0.0462807449821799,3.79293348106542,0.465663363945903,-0.136035726105503,5.24798011137415
0.225019964890933,-0.0468874208688362,3.80695298204385,0.466099664310220,-0.136685482986141,5.25556042504066
0.224681102430638,-0.0474008528677427,3.82230965122916,0.466423049563422,-0.137309382188359,5.26567166718208
0.224312014782144,-0.0479710288506199,3.83939976152982,0.466765121694335,-0.137947806612211,5.27700211442713
0.223963476926279,-0.0485698582203269,3.85579781840403,0.467142407390567,-0.138545347800564,5.28499514877298
0.223642182579900,-0.0491111646780493,3.87244922689527,0.467496284717181,-0.139201992874226,5.29624755444687
0.223263215759949,-0.0496342388134197,3.89132445613363,0.467785583557433,-0.139811798185545,5.30726964614103
0.222910570864828,-0.0502213635689979,3.90854897088113,0.468191081914397,-0.140462008905807,5.31699723331112
0.222541889199161,-0.0507867728047767,3.92551447231489,0.468547811842701,-0.141104988487218,5.32442045558029
0.222200102137546,-0.0513333802606403,3.94208255424533,0.468882939288801,-0.141764130896760,5.33882248734210
0.221859187321838,-0.0518962180867492,3.95836899070913,0.469223477641998,-0.142371195130226,5.34641132695293
0.221476028970127,-0.0524068927035633,3.97546268854980,0.469618877562093,-0.142982430667816,5.35625347625187
0.221178574912543,-0.0529983863191035,3.98956761312325,0.469953344968912,-0.143625925622588,5.36501213159852
0.220790737300361,-0.0535286424817639,4.00859839478267,0.470319179105906,-0.144254539441911,5.37725508500232
0.220411951497026,-0.0540913257402816,4.02568079279512,0.470639173222997,-0.144858517427562,5.38411668334365
0.220073959054308,-0.0546566395968103,4.04169765674375,0.470994987919930,-0.145533104982523,5.39840317882163
0.219722430384961,-0.0551967467039150,4.05843555728105,0.471348380362278,-0.146131178461794,5.40408911970423
0.219327299116111,-0.0557303515098375,4.07741934736750,0.471683170734238,-0.146778534628458,5.41924102800523
0.218992123187211,-0.0562686015415668,4.09248920635956,0.472055449453475,-0.147389526042292,5.42234908739221
0.218607266268161,-0.0568483565007494,4.10952383583461,0.472390118181885,-0.147993181999380,5.43707513206581
0.218225782929065,-0.0573854030185195,4.12680184678033,0.472765780108557,-0.148651268709362,5.44074140515177
0.217842345515203,-0.0579445969046314,4.14528765734391,0.473063066501722,-0.149239855189781,5.45607037796014
0.217506949691452,-0.0585000425614135,4.16060821966884,0.473484659490282,-0.149890896961881,5.45917779591222
0.217159227994585,-0.0590246746914874,4.17483514888389,0.473774490371268,-0.150471132578007,5.47247084441868
0.216791677080969,-0.0595949738277081,4.19290897176532,0.474164653204896,-0.151167880825001,5.48035464541332
0.216437538246280,-0.0601684614873677,4.21176182576045,0.474457659713456,-0.151737277573189,5.49233935373890
0.216072747373797,-0.0606968477896958,4.22680277009040,0.474824658787961,-0.152367192066162,5.50084206882857
0.215698068594516,-0.0612454577107961,4.24352116585227,0.475155955458042,-0.153024235831908,5.51197820684952
0.215382992987105,-0.0618047618431220,4.25927994119601,0.475515207768583,-0.153576243359016,5.51879834837375
0.215003814227972,-0.0623377909916044,4.27675478004141,0.475839494239529,-0.154226035342516,5.52989770400143
0.214687299468478,-0.0629006065412683,4.29203969245302,0.476201294360832,-0.154843776008998,5.54036024350664
0.214260400932778,-0.0634464239891974,4.31237354318835,0.476523030991052,-0.155413784889619,5.54906282968401
0.213967959794107,-0.0639951538621361,4.32441146094719,0.476879026262599,-0.156093613981395,5.56130049536153
0.213603227246785,-0.0645228649909237,4.34238175346469,0.477209703917218,-0.156629790537484,5.56778487184305
0.213251516420695,-0.0651052363544990,4.36142808866962,0.477576553487027,-0.157256714701885,5.57737080408705
0.212882021765208,-0.0656089785059357,4.37598339635919,0.477906059682560,-0.157947582227222,5.58983390641299
0.212554236786477,-0.0661475731987365,4.39169657651648,0.478257077070549,-0.158471410545024,5.59303235975363
0.212192619803903,-0.0667311100382110,4.41057712624819,0.478596158696031,-0.159145239783590,5.60811636479829
0.211820857900153,-0.0672599394106877,4.42531950091132,0.478952864213842,-0.159789391678224,5.61192547858139
0.211477975928023,-0.0677479286630127,4.44278153527633,0.479298197637837,-0.160311395264387,5.62583159321797
0.211137665123896,-0.0683768880834999,4.45882099168420,0.479664977982661,-0.161015150533377,5.62960278612258
0.210771934226487,-0.0688835587461331,4.47566705289654,0.479972309419966,-0.161604669139506,5.64464373088865
0.210429645200688,-0.0694168782241229,4.49068332626288,0.480349178653930,-0.162155040645506,5.64718211458662
0.210078678729124,-0.0699070001434890,4.50668441068304,0.480673810262090,-0.162808191563327,5.66092689745154
0.209733786185550,-0.0705316951685137,4.52455664397570,0.481023728371661,-0.163464541906966,5.67058654658305
0.209349511387506,-0.0710385123140706,4.54011746897340,0.481357626204826,-0.163999589745396,5.67816098722698
0.209026358510714,-0.0715715208386076,4.55582876042946,0.481716276066811,-0.164643518011611,5.68776185817644
0.208691041587838,-0.0721656781368499,4.57193656404198,0.482042209207611,-0.165322105849791,5.70067751605378
0.208305907284442,-0.0726043548123885,4.58855387323851,0.482393003218641,-0.165895073107251,5.70763357215688
0.207972288490893,-0.0732279294232241,4.60466633035689,0.482718550787247,-0.166487062349843,5.71618969438371
0.207602389378908,-0.0736811519968531,4.62051146310627,0.483077615349866,-0.167131615806063,5.72452562504883
0.207308283381724,-0.0742650270557009,4.63398630198619,0.483390678198016,-0.167707043422285,5.73410519095334
0.206905009594498,-0.0748198397278067,4.65266415058662,0.483766681321321,-0.168305716172609,5.74002379849943
0.206550866238289,-0.0753219626366762,4.66905603486479,0.484115318945459,-0.168944211390716,5.75333128248175
0.206188045411275,-0.0758583950292801,4.68443444158710,0.484424653047899,-0.169517049955237,5.75889157822035
0.205823372635352,-0.0763925690322415,4.70217599554015,0.484781380300229,-0.170145395633724,5.77054349466610
0.205498581059191,-0.0769163344090664,4.71658088107321,0.485117039547953,-0.170836533105156,5.78362636739165
0.205136617783071,-0.0774822774746990,4.73457936219739,0.485459889557969,-0.171383715686021,5.78696164769997
0.204778798872958,-0.0780028043717356,4.75048436959737,0.485806793533138,-0.172002216811069,5.79911284587257
0.204447286162587,-0.0785709861119265,4.76587782075347,0.486164640219291,-0.172663891396485,5.80666750056316
0.204091693065127,-0.0790495505876217,4.78217819171830,0.486471871876015,-0.173196753413646,5.81918219634578
0.203747662296233,-0.0796333133806420,4.79770694158363,0.486829810287596,-0.173812629743839,5.82478662056238
0.203376225566024,-0.0801126154587486,4.81478864973325,0.487152228951066,-0.174448407563570,5.83824020918100
0.203074701957689,-0.0806897537452576,4.82875451605054,0.487490974332494,-0.175076730261208,5.84621605525507
0.202700936312189,-0.0811648054600502,4.84639509326822,0.487840510697078,-0.175633198235028,5.85474189422365
0.202358133240610,-0.0817681243610276,4.86153952309363,0.488188332961940,-0.176285540507597,5.86272663642113
0.201958950750465,-0.0822076999371581,4.88059088175548,0.488492441875999,-0.176889250070156,5.87307750778147
0.201633724523060,-0.0828440382896272,4.89446361392675,0.488872905783189,-0.177476905896506,5.87946100932866
0.201263586320534,-0.0832853877861013,4.91272398705886,0.489178640824276,-0.178091189573672,5.89083525619702
0.200924156226905,-0.0838857005617292,4.92707373781924,0.489544885898731,-0.178668239221187,5.89627207155513
0.200577412825035,-0.0843676876547934,4.94379667399648,0.489860549057179,-0.179339061785038,5.90922802263170
0.200197852296768,-0.0849177620498250,4.96037277827241,0.490191419764480,-0.179941128737214,5.91799089021648
0.199845583591985,-0.0854309124208059,4.97661453728622,0.490567640916319,-0.180511207991347,5.92357832080214
0.199493548488177,-0.0859699284045502,4.99397318272454,0.490857298280664,-0.181165287404736,5.93681650380062
0.199153351958357,-0.0864965710120078,5.00913983037049,0.491197343054858,-0.181771299816831,5.94396230461778
0.198798229085076,-0.0870046347885532,5.02510163792019,0.491540695828488,-0.182320681785807,5.95491906344119
0.198465420948992,-0.0875461077302928,5.04033735743775,0.491881237322850,-0.182930136723212,5.95919475742795
0.198084356671620,-0.0880675214531615,5.05760294570932,0.492215285518182,-0.183556299139362,5.97199736746247
0.197750751335824,-0.0886052783830717,5.07335068301243,0.492524316277700,-0.184108283094037,5.98068179109472
0.197391424171578,-0.0890977677712296,5.08916270449488,0.492837064549516,-0.184761208322758,5.98785098094465
0.197042275749184,-0.0896602802176433,5.10523633711955,0.493217838561385,-0.185368119253651,6.00027831910251
0.196687069645774,-0.0901786926353790,5.12182264754792,0.493560741947950,-0.185960152899083,6.00388507755317
0.196334458060288,-0.0906753042528496,5.13621584503153,0.493847849430119,-0.186620097181099,6.01586250412428
0.195994836220834,-0.0912241308616284,5.15355021917786,0.494224314666763,-0.187196200925416,6.02501454939633
0.195621338807738,-0.0917442881930709,5.17047436272863,0.494515991578341,-0.187766548889830,6.03212947815668
0.195265358777034,-0.0922632503057074,5.18552346221531,0.494858434322514,-0.188378905529644,6.04141650680407
0.194949441337206,-0.0927722872592525,5.20101225113497,0.495188311628186,-0.188994893614755,6.05151807096667
0.194588627362622,-0.0933187819386426,5.21648145414135,0.495543288309531,-0.189594047280344,6.05819752718157
0.194216662205447,-0.0938241417369044,5.23337852332954,0.495843135420576,-0.190227081466917,6.07393790402011
0.193898794581785,-0.0943310740321727,5.24743828182162,0.496191815513622,-0.190809089174544,6.07836676831112
0.193526254855724,-0.0949076823666626,5.26466918658926,0.496528183952654,-0.191372388595981,6.08059834989672
0.193190306421402,-0.0954247419547556,5.27929217156879,0.496836382137548,-0.192028919892719,6.10264161689236
0.192819586707938,-0.0959344763908687,5.29641827911280,0.497160966733401,-0.192608695814375,6.10335006529883
0.192452631404146,-0.0964565734337550,5.31317771737515,0.497488250072923,-0.193185644503247,6.11045909495339
0.192143533976101,-0.0970087179180360,5.32656812866687,0.497850528410108,-0.193796994596905,6.12363855560466
0.191783439112963,-0.0975154952651065,5.34359788457480,0.498142253148624,-0.194412013692459,6.12985765939174
0.191368369287679,-0.0980286640987379,5.36295717969458,0.498476686741414,-0.195003924607958,6.13532470328127
0.191049325499813,-0.0985429975568538,5.37748257958355,0.498798742428681,-0.195601956040402,6.14828375104406
0.190739386979975,-0.0990742344797942,5.39189781442144,0.499129884816852,-0.196200194261744,6.15824411327252
0.190381896508334,-0.0995814198706286,5.40730729368401,0.499430713069079,-0.196801669977263,6.16146684083926
0.189962899475200,-0.100135209235032,5.42833507171730,0.499732989358607,-0.197405834526796,6.17352729459655
0.189629736606580,-0.100615587437991,5.44297327012664,0.500112772959135,-0.197979920729285,6.18492588052956
0.189295522661309,-0.101140065465647,5.45643753999536,0.500414459542536,-0.198558125558532,6.18762017547818
0.188953695432198,-0.101684130578071,5.47216821323831,0.500705272123710,-0.199158675330300,6.19686264555844
0.188611377121908,-0.102175564255915,5.48673115246782,0.501014284834664,-0.199780914948157,6.20789244823341
0.188261781990221,-0.102698239512583,5.50157187220609,0.501392967967038,-0.200294481797522,6.20963129083535
0.187892971789991,-0.103224913895472,5.51713695686258,0.501649333051314,-0.200919058821826,6.22229043979085
0.187501717784502,-0.103744878921683,5.53564489559201,0.501943706170944,-0.201490941625628,6.23193078597186
0.187197511971658,-0.104239644215080,5.54912593160661,0.502323705643432,-0.202054744628991,6.23553417031652
0.186849703646575,-0.104737289536913,5.56301445644421,0.502601375996218,-0.202633533493672,6.24971714680178
0.186477641294459,-0.105302574081262,5.58301640595265,0.502897704977067,-0.203214042880951,6.25499551877895
0.186110179645829,-0.105807864374171,5.59899247429976,0.503206262803788,-0.203846495044596,6.26211418188869
0.185747208122183,-0.106305277724410,5.61615730919164,0.503547808683717,-0.204367893946980,6.26807104668828
0.185425148203532,-0.106839056012436,5.62913586060041,0.503830089118025,-0.204941928024859,6.27406951980091
0.185066673024658,-0.107362684173705,5.64554820455646,0.504115908606825,-0.205529417569527,0.00537410395234910
0.184703841554725,-0.107850321477658,5.66006333278783,0.504412243329225,-0.206089452592561,0.00865238035596647
0.184337858003182,-0.108380363484615,5.67662033232947,0.504753722943493,-0.206633491111592,0.0184558488803739
0.183992197078230,-0.108878153969123,5.69102015485123,0.505021767552942,-0.207268467694847,0.0266998236906999
0.183644603901265,-0.109372727624401,5.70591381734156,0.505312037643500,-0.207787345836810,0.0292037597373759
0.183278988019951,-0.109900924223218,5.72310651527928,0.505641914900089,-0.208375354171824,0.0390355368646041
0.182911925810396,-0.110400793243816,5.74104140986273,0.505936477214386,-0.209004397283352,0.0493879330300126
0.182565305253426,-0.110935514424407,5.75762297881604,0.506260341903677,-0.209509980903206,0.0533869427262382
0.182208558967494,-0.111466468746170,5.77430540064773,0.506526535175183,-0.210071207109643,0.0636648167183469
0.181853618612697,-0.111961361892057,5.78842982686103,0.506839125549726,-0.210607786418285,0.0689145039106199
0.181478917521142,-0.112495571055236,5.80461017153518,0.507101723231593,-0.211169094870477,0.0752711307819711
0.181111868591802,-0.113007320298739,5.82139970081233,0.507386563319066,-0.211752709893254,0.0833635824235000
0.180789877847186,-0.113479671539973,5.83628307167850,0.507734855349464,-0.212303997705172,0.0885787406637571
0.180465101312630,-0.114002433263368,5.85024017125195,0.508029605003454,-0.212868458230350,0.0984015593883321
0.180113020767887,-0.114526394448519,5.86730236381600,0.508279118590471,-0.213419989408706,0.105028504759303
0.179736250747195,-0.115024962471985,5.88207429997721,0.508585174109040,-0.214004840433290,0.111709324733885
0.179373332062736,-0.115513729479420,5.89816025773555,0.508913463132487,-0.214547125158621,0.120168978075836
0.179007483559935,-0.116054491932490,5.91620897491784,0.509172532206308,-0.215072599757397,0.125036140467892
0.178684698451379,-0.116575840182916,5.93086808047235,0.509412139643526,-0.215674101923787,0.135462910636501
0.178334088406635,-0.117081738716529,5.94685554671642,0.509722625954488,-0.216200570217709,0.139872706797741
0.177959043967844,-0.117573293980016,5.95969324693444,0.510020994073350,-0.216760161890704,0.145588589655722
0.177622427232815,-0.118100173715937,5.97740299850057,0.510353242603655,-0.217287781394678,0.156306981522437
0.177270677851429,-0.118588876383525,5.99457491390168,0.510596023287461,-0.217858432716692,0.161150974807968
0.176920579955167,-0.119098219719336,6.00970246991221,0.510829271673964,-0.218389748986912,0.165388372211049
0.176537359280507,-0.119628013414251,6.02614260601194,0.511125064037688,-0.218902441030373,0.174416514005378
0.176174056121974,-0.120158016113235,6.04192446713826,0.511403712307898,-0.219444410936857,0.183290719989581
0.175856299845720,-0.120639373092679,6.05803209514016,0.511691873957904,-0.219975006217799,0.187068986813154
0.175534180723289,-0.121161317573078,6.07144079341247,0.511963831315920,-0.220544800846300,0.191215641478111
0.175121654820124,-0.121640100687625,6.08807273425702,0.512192645453846,-0.221060680389812,0.197269040695968
0.174742783774705,-0.122159282063456,6.10541795513894,0.512487484201949,-0.221606201331917,0.208291313958476
0.174427510506991,-0.122671651173271,6.11940253663566,0.512779142420266,-0.222112281451884,0.216973927906653
0.174108550243454,-0.123206264015035,6.13500194058390,0.513037407355646,-0.222635625567816,0.216628385623543
0.173711181440594,-0.123678230715271,6.15088694568011,0.513293432181336,-0.223194720997073,0.224034682480056
0.173349010961318,-0.124189252568007,6.16787585272764,0.513545529970083,-0.223701002816715,0.228081647378354
0.172999576600000,-0.124679006845805,6.18186412264431,0.513799092901618,-0.224209700122416,0.235821954821754
0.172652743099440,-0.125217525191990,6.19945734327139,0.514080389248337,-0.224761723125977,0.244835177568027
0.172303395623116,-0.125716845119468,6.21285230640135,0.514353946313908,-0.225249239270715,0.246180436937687
0.171928920579763,-0.126211683512837,6.22761619529555,0.514603529988450,-0.225809230328348,0.256031775184605
0.171547195355185,-0.126709841107860,6.24366504420991,0.514867437827272,-0.226322632290659,0.261956003959960
0.171244012819003,-0.127202663871289,6.25961199194944,0.515112244096085,-0.226830774784039,0.267130675346237
0.170872686301665,-0.127729322516686,6.27774583072893,0.515384319697075,-0.227347747083285,0.272020284033132
0.170472297196450,-0.128205855425507,0.0105334265483253,0.515657079281338,-0.227873194841085,0.275299809885357
0.170165277469283,-0.128712838707590,0.0220220714346173,0.515911024848688,-0.228395069331484,0.285974298543860
0.169802845773200,-0.129244612414076,0.0404098234970672,0.516167004533344,-0.228880097893705,0.291072528459141
0.169430535919420,-0.129704106964334,0.0499019205499200,0.516406508359567,-0.229438444264497,0.298580746566787
0.169085797536682,-0.130233318326413,0.0680807411557098,0.516668945616162,-0.229922991887275,0.300501667119936
0.168716750534391,-0.130712260803269,0.0864192326037416,0.516935539573622,-0.230435823437067,0.307346356475675
0.168366450129674,-0.131236758082079,0.101449576421944,0.517162019528654,-0.230968036455813,0.314731771703500
0.167992628045293,-0.131740386030737,0.117564717013350,0.517448420791277,-0.231516282495240,0.325924031105928
0.167644568183757,-0.132228733190101,0.131334584931625,0.517686734741084,-0.232018070215864,0.331776330916606
0.167300443907497,-0.132772272106543,0.143628892985208,0.517917491514717,-0.232511115657990,0.331666603766130
0.166937177214423,-0.133233285182731,0.156898802017565,0.518175934711368,-0.232973889010928,0.337078195257871
0.166588345859814,-0.133772389499490,0.175693742978139,0.518378068812156,-0.233512735822616,0.342530292189397
0.166210787910998,-0.134268007046515,0.192324088012899,0.518647458090977,-0.233934725198522,0.348895610849242
0.165864419492503,-0.134748660340059,0.208060524302919,0.518899430372859,-0.234555256096696,0.364458145733449
0.165481541866911,-0.135290494052145,0.228372789400674,0.519115052500494,-0.234987014907618,0.361037569930327
0.165137884986953,-0.135788562298689,0.238700398992537,0.519378082718391,-0.235483421250481,0.366498756369612
0.164755001266941,-0.136297101033542,0.253164396678015,0.519599299016870,-0.235979353510291,0.375242370721450
0.164397797875725,-0.136794467278380,0.270628155075094,0.519825607401557,-0.236499115358139,0.378338017639200
0.164042228067373,-0.137290862946378,0.284355898437427,0.520094232057279,-0.236979397875776,0.390230362091197
0.163706486123564,-0.137828307067103,0.304533237178647,0.520309880086580,-0.237499026707082,0.392111258511106
0.163328353224278,-0.138293541224022,0.317433104410147,0.520561335013716,-0.237965826883240,0.398353915693329
0.163011711903352,-0.138843747620371,0.334218119866508,0.520825401894881,-0.238411502590222,0.404901546551329
0.162601050495744,-0.139312766306526,0.347448300679868,0.521052519496406,-0.238953977765823,0.409390073545115
0.162278236760658,-0.139856426746563,0.367280919753052,0.521277253079870,-0.239391602544698,0.414738863601343
0.161904992506403,-0.140334866095357,0.378093683486493,0.521504620198227,-0.239930453322916,0.424180130810282
0.161536365096133,-0.140835068191015,0.397168704170384,0.521712161078454,-0.240360299924820,0.423681264784393
0.161187484168602,-0.141322349712227,0.410238356644873,0.521982281618212,-0.240878209775532,0.436481767795653
0.160845899389056,-0.141839567054767,0.428106059176810,0.522227049404588,-0.241311239131065,0.439756404707180
0.160454940194022,-0.142339178872653,0.441800059361768,0.522451444385359,-0.241889403705539,0.445820423525831
0.160117028212429,-0.142825442575481,0.455274306680458,0.522662621531521,-0.242254959174624,0.451667700577877
0.159755034481109,-0.143326584970626,0.474563368960243,0.522905196517595,-0.242780954911797,0.461242786209632
0.159411041256868,-0.143845327970924,0.487713526524239,0.523092382763494,-0.243198953489879,0.468352131912714
0.159026854001775,-0.144333418397559,0.500944458150845,0.523322283723822,-0.243676194449844,0.471486523715228
0.158697699532772,-0.144892619665124,0.520302089999620,0.523526050908784,-0.244130785248673,0.477631160811141
0.158344599663784,-0.145301360407621,0.532779185254590,0.523744284882359,-0.244628606291299,0.484741340792718
0.157946861334443,-0.145838087671052,0.550460038227641,0.523977724529221,-0.245040461954227,0.490415495089134
0.157650630650212,-0.146325148545771,0.565994352845732,0.524183132165183,-0.245567665804710,0.497366278438391
0.157232188769937,-0.146843308869241,0.582337868357794,0.524406272501875,-0.245998418349105,0.504070375311639
0.156899088768511,-0.147361028510667,0.594852351179304,0.524645479413453,-0.246453790702367,0.510496566048647
0.156521652531127,-0.147860131245632,0.613230688646763,0.524826238785456,-0.246899014765680,0.516934813788233
0.156199844536510,-0.148385435719259,0.629375415177921,0.525081056487401,-0.247382179764308,0.527555750504978
0.155817566856123,-0.148820768449491,0.642510432510915,0.525262108758840,-0.247776813041381,0.528811684261491
0.155435257425428,-0.149385238829057,0.658999318016973,0.525464592902033,-0.248324338922206,0.537848796157864
0.155101732065518,-0.149841927546397,0.672697970170129,0.525680245214901,-0.248673376220276,0.543070378911459
0.154736709094107,-0.150368056607280,0.691175733363133,0.525892718581104,-0.249193655465454,0.548007801935968
0.154356550313363,-0.150833792855344,0.702948159475075,0.526120526220144,-0.249653915939839,0.557489843644430
0.154009129192144,-0.151356294892297,0.720043645607126,0.526335131644458,-0.250112767785621,0.562206455905106
0.153652223327420,-0.151841143293349,0.734060838723758,0.526514058276422,-0.250540661022078,0.567233743583896
0.153285159370907,-0.152365377933298,0.752691811390942,0.526732263863131,-0.251019264518880,0.576067953101223
0.152902829388223,-0.152830659664663,0.765322724543990,0.526945991145185,-0.251454834409634,0.583326592516421
0.152541387822614,-0.153339705925324,0.782243890482958,0.527140214740192,-0.251901323396131,0.588878828928831
0.152191683272752,-0.153837777041671,0.795804039534485,0.527358251530857,-0.252368469634500,0.597486876245204
0.151807512643677,-0.154339766879960,0.813537209825186,0.527576931056316,-0.252830233913541,0.604579432694107
0.151461084011016,-0.154802359033041,0.829286375495655,0.527762426224061,-0.253255448785444,0.608174073858249
0.151078347977548,-0.155299876725935,0.843255770634220,0.527985607179959,-0.253710789587523,0.616724684326532
0.150714543848294,-0.155841161647027,0.857405455930831,0.528165223973692,-0.254178314939032,0.621105500182464
0.150364049055579,-0.156342722728061,0.875749674906974,0.528345735636387,-0.254556373424240,0.622359533674480
0.150007940721920,-0.156802561695207,0.891604978951078,0.528594144756882,-0.255096750673121,0.635012694718002
0.149596207897342,-0.157314854033826,0.904200695892282,0.528767882823083,-0.255460225051017,0.639951174779326
0.149263026963167,-0.157852873823669,0.920060486405357,0.528989987029674,-0.255942240138997,0.644422308646157
0.148921472608036,-0.158335437407984,0.938555081164321,0.529199662515392,-0.256401956185807,0.656217795387245
0.148546025438988,-0.158805727520722,0.952731732022115,0.529368545758152,-0.256840771567241,0.657805353623049
0.148173219849525,-0.159312509218671,0.967642435599569,0.529591438450723,-0.257276454652697,0.666409474437109
0.147817532800871,-0.159835674648632,0.983293213813003,0.529788793842811,-0.257703862852967,0.671432862077186
0.147449440542237,-0.160329086722171,0.999076954192329,0.529984527827888,-0.258173943641320,0.675451869894653
0.147099666762880,-0.160789006376614,1.01403680347990,0.530209907045381,-0.258554738701038,0.684131747313878
0.146719078315017,-0.161289370277221,1.03082218631974,0.530390489534243,-0.259036255822537,0.687906870530798
0.146354062904680,-0.161808812040903,1.04293031058730,0.530610597524479,-0.259474739027117,0.696669332907773
0.146000676466825,-0.162295783544369,1.06163726438315,0.530803429303390,-0.259889145611195,0.702685342674855
0.145632217466727,-0.162748581552547,1.07436379307299,0.530967034121610,-0.260326860751105,0.708062371461720
0.145273594507468,-0.163293501678371,1.09133401792146,0.531184087548700,-0.260804893710244,0.714794102497576
0.144910310329502,-0.163750427858683,1.10386634844236,0.531386570118517,-0.261217577985023,0.724055660288316
0.144525287405234,-0.164230468540828,1.12374054978006,0.531574446943393,-0.261638556603950,0.727649056498816
0.144172351329158,-0.164719135730902,1.13705283233323,0.531812728658602,-0.262124870655230,0.737409646975543
0.143837487478589,-0.165265901200351,1.15458663703537,0.531993948930076,-0.262504281468887,0.740995796460933
0.143468536500377,-0.165731911972575,1.16831932330164,0.532172752136321,-0.262967934613935,0.742747417720414
0.143076006572054,-0.166239174609061,1.18493290854480,0.532423493787574,-0.263414616807222,0.754841743110592
0.142695779342916,-0.166716267498018,1.19471832567920,0.532594233790368,-0.263821733428961,0.758647593310945
0.142333089486048,-0.167179289786897,1.21371106397002,0.532791438597952,-0.264305499792521,0.765757027227721
0.141964741263711,-0.167679776753227,1.22817152892666,0.532962884526436,-0.264732625147649,0.770731065100711
0.141598799103755,-0.168166291834421,1.24316582055359,0.533157590444409,-0.265137873160430,0.777899390612547
0.141257339863800,-0.168675090469597,1.25896957774371,0.533374293603061,-0.265621019190989,0.784434022318400
0.140892410716719,-0.169152637095230,1.27453977924841,0.533584875589226,-0.266061482302110,0.792286481472531
0.140521501955779,-0.169665238834490,1.29219599204028,0.533786510488664,-0.266494791728970,0.800188521312565
0.140140300373798,-0.170167910634880,1.30226249100963,0.533935502619533,-0.266927022779902,0.801820335551835
0.139763070316246,-0.170610195222581,1.32106599361688,0.534129674264882,-0.267362589370351,0.811238713312133
0.139402802009880,-0.171151698453150,1.33217116844985,0.534328043005329,-0.267824020578867,0.814656793668078
0.139022078053949,-0.171596566473504,1.35317798341182,0.534547945274288,-0.268239909825341,0.821152637027938
0.138661195408129,-0.172095268708821,1.36224964368045,0.534752459502418,-0.268643614995162,0.829061334077702
0.138299782351538,-0.172564894672708,1.38082557534919,0.534944923055401,-0.269074661311725,0.833548380854695
0.137941687236993,-0.173066495675136,1.39620164395374,0.535125156171329,-0.269552496249764,0.842542350833960
0.137582492762801,-0.173529388617333,1.41259844189340,0.535252893543872,-0.269923255500754,0.846635631651585
0.137206464619415,-0.174021660755730,1.42413150901406,0.535436942595211,-0.270392482187376,0.851367137428330
0.136838861747056,-0.174539976538829,1.43935607350386,0.535678749082610,-0.270835055489540,0.862489785680040
0.136464390684110,-0.174969239706114,1.45638168054278,0.535870928641476,-0.271200166664693,0.868493661596207
0.136110761149245,-0.175456425542475,1.46997432452804,0.536057517159551,-0.271686104808513,0.874985417703927
0.135742730545323,-0.175897373629830,1.48598978744377,0.536231692954582,-0.272102443730026,0.883395229714344
0.135367691416297,-0.176431850799126,1.49795198336991,0.536405999110210,-0.272488954545866,0.891728200087197
0.135007974613800,-0.176843178412154,1.51724785035703,0.536549842278704,-0.272964892220609,0.895758468601220
0.134645804877286,-0.177375562453090,1.52673969092516,0.536765709822662,-0.273379528518123,0.905155028447061
0.134264043548188,-0.177806656308713,1.54267242402196,0.537023335634030,-0.273766776844665,0.914922729540117
0.133912619147198,-0.178298971090432,1.55601835880614,0.537164020690488,-0.274200869070152,0.918146179196153
0.133518540316239,-0.178710400204663,1.57390477891105,0.537329681789783,-0.274638304939294,0.925803494749819
0.133191462528973,-0.179256359244665,1.58516453228037,0.537498368499712,-0.275018688076749,0.933126940676438
0.132794865747866,-0.179700432205021,1.60154359317629,0.537667693076178,-0.275426805796015,0.936912918246310
0.132453439625702,-0.180189038775466,1.61688146998753,0.537871587411061,-0.275892338215787,0.946395992138771
0.132067617818433,-0.180649245960484,1.63161221564655,0.538068428873311,-0.276338660755111,0.951579854945186
0.131682330693830,-0.181138965724035,1.64341081299191,0.538239347572498,-0.276698161698236,0.958161769798845
0.131345366741850,-0.181601297499640,1.65866238662224,0.538436633480408,-0.277147262378421,0.969380858278436
0.130963510132938,-0.182059420749122,1.67444060856350,0.538560831491763,-0.277597460221883,0.970512185079947
0.130603152767891,-0.182564480171821,1.68766357659323,0.538780929325756,-0.277994026211068,0.980086006873021
0.130222916165704,-0.183013572387267,1.70199834494500,0.539000627827817,-0.278393923318386,0.990973108952202
0.129886428273161,-0.183520554425554,1.71680207214422,0.539156875973386,-0.278869509791561,0.994006102162268
0.129511738811658,-0.183931449831189,1.73411202193509,0.539331458456835,-0.279251306196528,1.00336891446265
0.129160566989182,-0.184465431338625,1.74603369449244,0.539481539897726,-0.279663179541927,1.00917736641646
0.128798904102238,-0.184916266287523,1.76264737637983,0.539655438138490,-0.280079515018536,1.01625882040614
0.128434055935915,-0.185374181293906,1.77511485451657,0.539889872130139,-0.280513281441360,1.02688924611738
0.128065384398347,-0.185858725676946,1.79249994453443,0.540053463702357,-0.280898542247985,1.03268644422449
0.127693334903100,-0.186303094859593,1.80386500353204,0.540224899644247,-0.281287600885145,1.04049519184579
0.127324357645456,-0.186808423651372,1.81993641398678,0.540394526513001,-0.281752500144818,1.04876514292369
0.126967975549084,-0.187262776418478,1.83411912605908,0.540529011771537,-0.282122409483035,1.05268840600712
0.126584672289821,-0.187727132633995,1.84870381096434,0.540741939169081,-0.282505498103972,1.06413619964556
0.126240590129869,-0.188213233202581,1.86285816466121,0.540963257206109,-0.282993393739788,1.07151548450302
0.125869527906331,-0.188705795284922,1.87794411398174,0.541102070080996,-0.283364021735336,1.07662783011849
0.125492231697693,-0.189111901419577,1.89158053254701,0.541263996401885,-0.283744034107826,1.08629492486233
0.125123804896859,-0.189662174075071,1.90610604718596,0.541430820124955,-0.284205360269015,1.09119035509267
0.124798138289762,-0.190094809257362,1.92184808012395,0.541580506169844,-0.284485603381236,1.09644730898617
0.124416417261130,-0.190588917211226,1.93631619674000,0.541737480990790,-0.284665274353408,1.10463481400840
0.124034155505824,-0.191036485314847,1.95120551499912,0.541881662240953,-0.284739447252448,1.10899001128715
0.123685389174845,-0.191520517318228,1.96558111721895,0.541979151970205,-0.284707877515951,1.11032499241492
0.123315309448495,-0.192015462334653,1.98024746475804,0.542079943759802,-0.284629072180857,1.11181818403404
0.122928006702560,-0.192446867782997,1.99425597544953,0.542102202975559,-0.284458761906678,1.10813278436755
0.122546225631307,-0.192960115373742,2.00893917678886,0.542161734288218,-0.284293713865126,1.10711374301810
0.122210331549888,-0.193378421540724,2.02306102652482,0.542227900908542,-0.284124039089958,1.10681864750936
0.121860599870485,-0.193869723092825,2.04078611487125,0.542274418012112,-0.283931828429708,1.10517952630209
0.121468525718676,-0.194306994260509,2.05244033935400,0.542334310551108,-0.283735351983667,1.10474451558707
0.121079254942552,-0.194803051729027,2.06779396612448,0.542388512118054,-0.283570218158311,1.10480808147560
0.120723217420322,-0.195282629148362,2.08000933515165,0.542451980388928,-0.283405871621458,1.10332166395492
0.120364237792648,-0.195708045759143,2.09897125541659,0.542540156246188,-0.283282751262953,1.10405602104703
0.119954948314056,-0.196217016268037,2.10846012884349,0.542633699109076,-0.283084261371766,1.10777598067197
0.119641312684855,-0.196639243284314,2.12680992778694,0.542695253126163,-0.282922396018217,1.10879812838853
0.119267807849836,-0.197152532991008,2.14073685692045,0.542729217407316,-0.282755005472591,1.10512000549973
0.118845798883801,-0.197599915861982,2.15409103176578,0.542773425281602,-0.282597698518765,1.10319828879690
0.118518494980703,-0.198109041012746,2.16916085510083,0.542848894573324,-0.282428997519941,1.10231569436315
0.118145524085935,-0.198527857891787,2.18562351485048,0.542902443161799,-0.282264397425826,1.09902637105988
0.117744993148455,-0.199043284693595,2.19632226167501,0.542971192986663,-0.282104410534934,1.09792121740607
0.117409295712372,-0.199467631391345,2.21564889302171,0.543050699837355,-0.281933816532222,1.09635236189807
0.117022410963709,-0.199966966668974,2.22513298885923,0.543114055707808,-0.281764759105140,1.09492576900302
0.116633336432804,-0.200408816441844,2.24153014303986,0.543198206906901,-0.281621141262403,1.09479916610044
0.116322518809058,-0.200923571248619,2.25795877781158,0.543276146514517,-0.281487750047833,1.09438134154863
0.115962353145848,-0.201356056516419,2.27193225076492,0.543337580704656,-0.281327600744584,1.09466969125056
0.115613366234293,-0.201821003105987,2.28987236859132,0.543361669208064,-0.281135125231559,1.09129284079597
0.115236199226345,-0.202287730169124,2.30007825879074,0.543415462460027,-0.280980141626003,1.09176595088561
0.114895144084824,-0.202711641545951,2.31893347200838,0.543469670752869,-0.280771306838166,1.09226214513808
0.114421088807480,-0.203239082966111,2.32577246615368,0.543522857947359,-0.280628177247162,1.09030971028085
0.114105477138760,-0.203688086002375,2.34459150716887,0.543610564125587,-0.280473473860551,1.08944937578944
0.113737589778766,-0.204174134344892,2.35896907803994,0.543668898751703,-0.280341055240664,1.08703639014771
0.113369004244193,-0.204657482291386,2.37617399578064,0.543734284192126,-0.280202601401969,1.08519393825581
0.113015309372577,-0.205104816788709,2.38866345911926,0.543801325461882,-0.280056489825730,1.08273256859238
0.112653525096246,-0.205578839810814,2.40545375300247,0.543882370496569,-0.279875755167044,1.08184653887060
0.112290321311442,-0.206061013102466,2.41964761300368,0.543956517226953,-0.279711853953922,1.08171277993283
0.111911151334374,-0.206493718620488,2.43227329017393,0.543997136862037,-0.279513943438333,1.07962089426251
0.111541194023499,-0.206996658909612,2.44790859999728,0.544071268856298,-0.279346682896407,1.07823386818679
0.111172778877229,-0.207436412276628,2.46037458494738,0.544129947587994,-0.279174713531899,1.07760137475818
0.110797114619418,-0.207945159313334,2.47495436518227,0.544191649447997,-0.279012668488148,1.07629540260214
0.110422686823853,-0.208439189948792,2.48896785682110,0.544267613795057,-0.278879140083719,1.07643782140141
0.110033551618757,-0.208898522892060,2.50283422522596,0.544340148137594,-0.278726416719234,1.07454857210947
0.109654515489069,-0.209361684385622,2.51592292829137,0.544400391792248,-0.278543295266957,1.07619453596714
0.109310323880187,-0.209818307881297,2.53318740718579,0.544450514405259,-0.278382327124069,1.07368158948251
0.108917066785773,-0.210310496818104,2.54483799812953,0.544498630364631,-0.278245126744293,1.07144855693406
0.108554938966667,-0.210780510903521,2.56113172085595,0.544546825848579,-0.278075332740550,1.06807398206130
0.108214665903868,-0.211262771023513,2.57835735313365,0.544614612186262,-0.277902577375573,1.06516502338855
0.107814398076454,-0.211733841824404,2.58938201491009,0.544655455996732,-0.277739540536184,1.06315817352600
0.107465064465538,-0.212178622314208,2.60527323374836,0.544684681884839,-0.277561891788512,1.06083868429674
0.107079321358289,-0.212658389504016,2.61835960528118,0.544747089945076,-0.277392430085158,1.06046450824345
0.106702832563622,-0.213120755697983,2.63244206700807,0.544834866824250,-0.277247630509691,1.06095963023502
0.106331329133752,-0.213612496922871,2.64765083090643,0.544911635855434,-0.277106723259771,1.06136660796786
0.105980304945716,-0.214046550938596,2.66439530842065,0.544967061262483,-0.276977198841566,1.06012699403684
0.105584132186067,-0.214520141988780,2.67617634577953,0.545010218812479,-0.276838195583024,1.05705863768559
0.105224243453164,-0.215019406301205,2.69044069545716,0.545080200047253,-0.276681924106776,1.05449468210997
0.104846342334758,-0.215484077372972,2.70783332317219,0.545112983686635,-0.276462099785790,1.05065866312564
0.104465239176725,-0.215938526142591,2.71890427906706,0.545162150235777,-0.276291160392269,1.04975296378889
0.104102822032768,-0.216411592196973,2.73300341837222,0.545226369600120,-0.276150487688243,1.04800116531724
0.103739963374389,-0.216901811572386,2.75122822643432,0.545294131574111,-0.276003239792901,1.04653595204201
0.103384652082390,-0.217344924754555,2.76562921953514,0.545365731039109,-0.275838282105045,1.04673898747268
0.102981091592453,-0.217798451465558,2.78124238680052,0.545434547265277,-0.275707732278732,1.04612288703066
0.102641186157414,-0.218282422403521,2.79488248892352,0.545500555265475,-0.275583369920847,1.04652084455581
0.102273133427576,-0.218759006300703,2.80909406581099,0.545539929927048,-0.275402529836412,1.04422286384883
0.101852859338353,-0.219243772791904,2.82142344322005,0.545562015834547,-0.275212599772216,1.04162475091022
0.101505962710255,-0.219705082921509,2.83423870418388,0.545608014323633,-0.275025075420364,1.03925978909098
0.101160686992624,-0.220200604936865,2.85287433409269,0.545652073612463,-0.274857511912725,1.03689508638919
0.100757451095988,-0.220654558680479,2.86563264805251,0.545682921886090,-0.274736146161838,1.03449205021944
0.100402986003491,-0.221120727138361,2.87875726055026,0.545739340300281,-0.274585705278616,1.03138562872527
0.100065731570825,-0.221612246610300,2.89631990531546,0.545796970365574,-0.274441572930414,1.02904631500803
0.0996457936455351,-0.222075171729066,2.90954186953156,0.545871823874106,-0.274276897802705,1.02814334135077
0.0992890535259190,-0.222520005664900,2.92295655956485,0.545907276858056,-0.274129236853671,1.02729662886214
0.0989244727756082,-0.222981046230356,2.93813984480353,0.545966626132534,-0.273959963419933,1.02725205857890
0.0985247576728986,-0.223469576962746,2.95499837748970,0.546005180170797,-0.273775793865457,1.02397594902110
0.0981946138515663,-0.223938005074671,2.96813876146494,0.546062093504536,-0.273609929743933,1.02293962948727
0.0978089482013869,-0.224418061611976,2.97812721372361,0.546115818899670,-0.273486246308085,1.02135033016354
0.0974238093613966,-0.224871662562352,2.99800911645980,0.546175041697336,-0.273354321032620,1.01960125451339
0.0970517621545594,-0.225346751326875,3.01519647711047,0.546228531461886,-0.273184415234962,1.01710658485995
0.0967346862074083,-0.225851804185127,3.02581343873435,0.546295001602720,-0.273026614345627,1.01525734754617
0.0962975144100844,-0.226295024439755,3.04167338364799,0.546344747216952,-0.272880974693506,1.01303539638347
0.0959505466649565,-0.226771580959895,3.05589339942212,0.546381489803664,-0.272695565367127,1.01037072619760
0.0955909668906410,-0.227226793391741,3.07057856531138,0.546452924424283,-0.272531119953645,1.01110683709556
0.0952249012488810,-0.227718374929371,3.08300712823256,0.546509363330253,-0.272369970740421,1.00890755104035
0.0948481289587519,-0.228177643337627,3.09875764895623,0.546552372845467,-0.272229732671582,1.00566136105454
0.0944862787107875,-0.228665641813440,3.11530989466202,0.546589491018020,-0.272100815782606,1.00393544836120
0.0941489003516594,-0.229146168101276,3.12822017269026,0.546650594450770,-0.271956399764385,1.00306817086485
0.0937287664222800,-0.229601707617276,3.14048964314278,0.546692069781372,-0.271748881996730,1.00272839801126
0.0933640224702538,-0.230015882222844,3.15953106107713,0.546731334246632,-0.271552055546798,0.999105466719816
0.0930166240177129,-0.230537883725073,3.17302461091916,0.546778555397915,-0.271422119876064,0.996535557447550
0.0926554602230794,-0.231015011183454,3.18532200895858,0.546813907221469,-0.271281677591563,0.993165211248908
0.0922864055212694,-0.231486643052832,3.20046107740915,0.546860036932068,-0.271151504105650,0.989484808281385
0.0918961097100922,-0.231942080796561,3.21641982249743,0.546899950160649,-0.270986791772444,0.985612215748955
0.0915392288777476,-0.232433673382762,3.23000963464193,0.546960654419964,-0.270823983954579,0.983138463493841
0.0911946005506935,-0.232884073464836,3.24353587275735,0.547001194810642,-0.270698466943133,0.981345686669398
0.0907902825199116,-0.233359888857101,3.25872978107924,0.547043255171108,-0.270530916269957,0.978862756224349
0.0904261568077848,-0.233839476570382,3.27251987425906,0.547083156561563,-0.270355114906052,0.976705603678276
0.0900607916123047,-0.234303075263036,3.28255864056523,0.547151231556668,-0.270182883828556,0.978438180840974
0.0897204691182102,-0.234743722749383,3.30289646187397,0.547196334842889,-0.270048130675480,0.976047951378037
0.0893251962935181,-0.235258106910012,3.31791637439596,0.547240224964492,-0.269918245848484,0.974121679065812
0.0889442461582409,-0.235722473833199,3.33008339612220,0.547297474627326,-0.269794263040350,0.970976849733225
0.0885767245083403,-0.236195643200037,3.34322419392174,0.547348514720124,-0.269641781540551,0.966328379600414
0.0882253620649606,-0.236626093028258,3.36561584140695,0.547390791916520,-0.269454938514089,0.963234279694343
0.0878365457565101,-0.237127012619532,3.37608590526312,0.547425334178418,-0.269304074130622,0.959717247480756
0.0874901753228716,-0.237598095845304,3.38848091590024,0.547477759721143,-0.269171991713550,0.957418521562066
0.0871210961703313,-0.238085887734492,3.40120060312246,0.547527332350727,-0.269008243303263,0.954170010074900
0.0867446716698616,-0.238528246814440,3.42009241944646,0.547593390740389,-0.268836447770495,0.955883229761055
0.0863558539323974,-0.238977537725362,3.43426794605367,0.547627432504178,-0.268678790417433,0.953041317510943
0.0859924117974367,-0.239439960210374,3.44856866915223,0.547660595541695,-0.268557730654429,0.951091024170759
0.0856189847019346,-0.239936446738432,3.46331162480428,0.547701311200629,-0.268431510900236,0.948784053043372
0.0852595185172079,-0.240394915684510,3.48044549667891,0.547715847303243,-0.268275097793025,0.944666406956702
0.0849056868793403,-0.240863988786131,3.48933388792692,0.547760299461283,-0.268087949858718,0.941192601899140
0.0845195007237725,-0.241296580011570,3.50938286075946,0.547797350740920,-0.267931131059015,0.938056054458298
0.0841524262056012,-0.241847033224811,3.52029532963222,0.547862283376808,-0.267756798221095,0.938946293660144
0.0837823334577796,-0.242202164085494,3.53910812410473,0.547892871408854,-0.267618845550722,0.935061541226299
0.0834208627420510,-0.242727593484557,3.54808902304772,0.547933317681956,-0.267469757195191,0.931012027942746
0.0830077066226331,-0.243163812247344,3.56810470294864,0.547972824100256,-0.267313155076188,0.927636677369079
0.0826837306356255,-0.243686098833974,3.57783142065238,0.548014803505367,-0.267181203262837,0.924475173790834
0.0823083521761597,-0.244111717974622,3.59433678715058,0.548042694832977,-0.267019478409811,0.922307335530109
0.0819081377549339,-0.244598092424394,3.61159347086015,0.548078997085192,-0.266886046411257,0.919083209814890
0.0815542868478153,-0.245057098782732,3.62607708845957,0.548120332372124,-0.266748472356664,0.917018444150325
0.0812064572328075,-0.245591866782659,3.63600111896209,0.548174025394453,-0.266537252099676,0.916699453136144
0.0807910438329660,-0.245914989595116,3.65691714791273,0.548245792430182,-0.266383535428347,0.915068349340263
0.0804634191397364,-0.246516817335530,3.66672081359861,0.548286904398795,-0.266282164950029,0.911911320896392
0.0801098760037240,-0.246909093067206,3.67921404673991,0.548325451221450,-0.266167237869186,0.908782891691206
0.0796981900537287,-0.247425913373329,3.69593905090614,0.548367297506781,-0.266024514711869,0.904287945847149
0.0793376670469277,-0.247930047479683,3.71132288806965,0.548397506777262,-0.265836830632490,0.899499622755825
0.0789425928989774,-0.248309490262140,3.73171768747243,0.548440592261659,-0.265703782977293,0.895874560085192
0.0786052920066248,-0.248855944051897,3.73776641923795,0.548489435869824,-0.265580340155138,0.894149221657598
0.0782493320207139,-0.249267116589798,3.75649280153017,0.548527911665737,-0.265452367262852,0.891072562707241
0.0778713804947474,-0.249775649431002,3.76720231531874,0.548545142914852,-0.265323749571869,0.887352008641833
0.0774978803078135,-0.250217225928836,3.78372293811335,0.548601784406073,-0.265148232078678,0.886095300054491
0.0771413915672052,-0.250729781168440,3.79898309554029,0.548671318832338,-0.265001182152884,0.886256621221940
0.0767683175832358,-0.251180266992323,3.80935693802858,0.548698979734427,-0.264866821958590,0.881841004837075
0.0763985248504312,-0.251660444818161,3.82483720963922,0.548708654654329,-0.264699085586959,0.876181211006895
0.0760072211239211,-0.252107248622292,3.84321467516341,0.548751682169444,-0.264591615616361,0.873195553161182
0.0756786069203054,-0.252587074814032,3.85571796319413,0.548796440804848,-0.264442682059249,0.868625834464894
0.0752820633739761,-0.253061465970042,3.87094464328295,0.548847319967346,-0.264311354733316,0.865832836050253
0.0748969129008409,-0.253518831412736,3.88700784806541,0.548864674501647,-0.264190854583398,0.861525771740716
0.0746082602400234,-0.253981221303243,3.89479992419240,0.548906292605890,-0.264081158915207,0.859815901330442
0.0741878277713615,-0.254427181938998,3.91358977598516,0.548923314878666,-0.263913713134123,0.854881307985388
0.0738285476464596,-0.254965446542692,3.92787244963759,0.548989296060163,-0.263763502163153,0.853564650563866
0.0734596619909575,-0.255384602164448,3.94200002473432,0.548999870684865,-0.263576314967666,0.847554115075677
0.0731084186510101,-0.255889246861701,3.95501866413545,0.549066636578059,-0.263439729859845,0.847541504871235
0.0727086968186893,-0.256342356023768,3.97114346541735,0.549105667183404,-0.263308344569689,0.843181652110079
0.0723544713617294,-0.256825118726807,3.98326836720932,0.549138983163888,-0.263198164367305,0.839641946101702
0.0720095920822959,-0.257300564916660,3.99943617621447,0.549197527718308,-0.263057120858245,0.836447706406159
0.0716179773897162,-0.257760873871141,4.01349235632383,0.549234469167100,-0.262930747992337,0.832456718265305
0.0712499445036620,-0.258206446079013,4.02816456307698,0.549280979324383,-0.262809801429778,0.829011705525055
0.0708881782321796,-0.258714918706903,4.04379382940891,0.549309148050063,-0.262691632493428,0.824886907388713
0.0705007694920352,-0.259146705404102,4.05729897396143,0.549344272291907,-0.262574235037920,0.820852009973131
0.0701441042143170,-0.259661844858631,4.07231002042472,0.549386411996512,-0.262445869930633,0.818945218634996
0.0697654131506835,-0.260107359911171,4.08736222458121,0.549406984970244,-0.262282044419808,0.813522868681081
0.0694250046256920,-0.260587294887928,4.09837803479639,0.549434776263656,-0.262112468960089,0.808057952102143
0.0690240977798154,-0.261054822820533,4.11570055303194,0.549483193854885,-0.261982440176826,0.804572535027555
0.0686810330682465,-0.261503165327585,4.12821838004573,0.549521688192163,-0.261855505190898,0.799504432538922
0.0683164347896941,-0.261987495025518,4.14248369990226,0.549544995667655,-0.261738269338813,0.794510932623312
0.0679349626238755,-0.262437843384873,4.15843082976070,0.549581394861919,-0.261606334542822,0.791750171328331
0.0675604559546702,-0.262901561593093,4.17353225668627,0.549628798434708,-0.261467971040860,0.789832028679689
0.0672015217444665,-0.263383717690719,4.18646393877401,0.549685281021725,-0.261352191815078,0.788148767009527
0.0668345912742795,-0.263838263709501,4.20060650205699,0.549709098314098,-0.261233585026049,0.784963079149197
0.0664819820985636,-0.264289618012131,4.21465645534950,0.549742292826481,-0.261099999114447,0.780420415617833
0.0660958052197175,-0.264744406080002,4.23099564474050,0.549768069058391,-0.260949276088812,0.775855649197543
0.0657383478380110,-0.265246970384719,4.24459679295126,0.549810563173900,-0.260855602831865,0.771322650317859
0.0653777143665512,-0.265708408596787,4.25812434704683,0.549856196699904,-0.260716245274350,0.768026296247568
0.0649752219049912,-0.266157162501271,4.27581513601498,0.549890396226163,-0.260559585846750,0.762228830494514
0.0646140528106913,-0.266630960730226,4.28909063248322,0.549940025319315,-0.260440090186787,0.758859288139103
0.0642458349992588,-0.267098226176045,4.30360476565075,0.549976005363368,-0.260327935499429,0.754410023704698
0.0638990280521463,-0.267572074382174,4.31635496727199,0.550001977783466,-0.260206357934873,0.749539225455284
0.0635135584772031,-0.268054213863856,4.33163343448765,0.550021202055105,-0.260095564300604,0.745231683842388
0.0631540337970012,-0.268487589406911,4.34513374363178,0.550045624478965,-0.259984935264141,0.740364017141684
0.0627596504744317,-0.268976550813556,4.36012830525714,0.550100088123658,-0.259870300112735,0.737323587666584
0.0624137414780729,-0.269444604236492,4.37310296494045,0.550132113570764,-0.259765432664218,0.733698934699527
0.0620180871718015,-0.269935876445016,4.38997054990122,0.550151113655260,-0.259564901408194,0.728011085790622
0.0616856810847975,-0.270381258468624,4.40186829142430,0.550193349360360,-0.259462593124853,0.722509391552801
0.0612911006890367,-0.270888729530925,4.41826574166978,0.550222505331507,-0.259296318603598,0.715667944354754
0.0609286035430751,-0.271307435879655,4.43158868430985,0.550270507556352,-0.259171840174735,0.712529578629437
0.0605751121828985,-0.271824198989284,4.44729009169187,0.550282759285242,-0.259070176880589,0.706458311268145
0.0601949113453780,-0.272234616367737,4.46061876530977,0.550322717328992,-0.258973834291848,0.704234845394136
0.0598636348644452,-0.272759880537101,4.47559265345278,0.550371961309917,-0.258869294510622,0.701800504892836
0.0594477451056662,-0.273183504055187,4.49145664965405,0.550414009965791,-0.258756384811316,0.698322138910229
0.0590843454614049,-0.273703259822914,4.50722731935132,0.550447493584739,-0.258626632134303,0.694971032783246
0.0587357324636958,-0.274092759589374,4.51861801825726,0.550490000959696,-0.258539791847231,0.691156329642529
0.0583416327529699,-0.274645153116311,4.53748746686230,0.550548039109019,-0.258431554603520,0.686811220065510
0.0579907576314094,-0.275003068721725,4.54874989106840,0.550589043952237,-0.258293904065674,0.682036942196166
0.0576048863598057,-0.275542792188086,4.56600424904763,0.550612245410668,-0.258146389474037,0.674989107174322
0.0572546601954681,-0.275956278885726,4.57812533552705,0.550638538553790,-0.258003818692883,0.670335767393542
0.0569203897247736,-0.276472702402628,4.59203301007453,0.550684845413306,-0.257867294890134,0.664933267498803
0.0564832786194208,-0.276914810477500,4.60839669087249,0.550716531644870,-0.257750218122329,0.659894491866456
0.0561453050668625,-0.277382504308195,4.62173352912651,0.550747991928327,-0.257637071637192,0.656151955869236
0.0557989614965728,-0.277855164581792,4.63583885246266,0.550773962685136,-0.257523715227841,0.651882706157880
0.0553884783467356,-0.278288770661540,4.65084075232254,0.550809753872989,-0.257392725396212,0.646627633850906
0.0550441891210532,-0.278822525222228,4.66580100238263,0.550847670622873,-0.257318662030655,0.643721941900950
0.0546726931583040,-0.279211573554948,4.67856268000813,0.550896083491867,-0.257222041177538,0.640061608364437
0.0543057557388922,-0.279758528234550,4.69509649349313,0.550922737593811,-0.257113267784693,0.634821500269265
0.0539524771943389,-0.280174404643533,4.70793963988929,0.550973598533105,-0.257002614999505,0.630119672372594
0.0536017128304878,-0.280681592428485,4.72211208435677,0.551011012986682,-0.256875615837816,0.624636951326660
0.0531953357427169,-0.281140908579914,4.73767953232869,0.551050640532235,-0.256761662801008,0.620423828226855
0.0528271527224974,-0.281589790796830,4.75233668798506,0.551089838209023,-0.256601588770286,0.616603367578913
0.0524763284782655,-0.282099096150950,4.76561507469080,0.551100761324090,-0.256500447748970,0.609261276376225
0.0520749361861595,-0.282508856797564,4.78185244381216,0.551160321016322,-0.256402751764968,0.605020849906560
0.0517178400859247,-0.282977808319565,4.79608631266296,0.551195794703747,-0.256305845132063,0.600269782116651
0.0513636029755107,-0.283474143757868,4.80960342355668,0.551223880779006,-0.256197163807134,0.595233377545211
0.0509586658376420,-0.283888279077630,4.82530488694728,0.551245479850054,-0.256093174654864,0.590742997590352
0.0506270377440183,-0.284394820835292,4.83746607440206,0.551288544545193,-0.255973968212010,0.584516446086850
0.0502426050493996,-0.284843143443808,4.85360987157269,0.551337679900677,-0.255853700812778,0.579988180630460
0.0498783162408646,-0.285288903039906,4.86701074894602,0.551369044917081,-0.255747647222008,0.575553482922308
0.0495143837647551,-0.285773453060108,4.88044207721218,0.551411238585757,-0.255608835190282,0.570235183993426
0.0491325792617782,-0.286206152649720,4.89647932101580,0.551440038973659,-0.255495005321404,0.565068923900502
0.0487454636278086,-0.286701356625721,4.91142144522267,0.551498755641201,-0.255360274495503,0.560046048626219
0.0484116888794748,-0.287149313208248,4.92381635965784,0.551525687815915,-0.255225400365960,0.553664264624609
0.0480249543904697,-0.287612686335763,4.93969630392800,0.551582509567948,-0.255163986858339,0.550782533148793
0.0476594230354239,-0.288079662094558,4.95303767207074,0.551609600561938,-0.255086162421309,0.545945105688904
0.0472625640861851,-0.288569633138537,4.97004643515018,0.551658178752724,-0.255016406092990,0.541832761430469
0.0469427019558524,-0.289006337842755,4.98159127191469,0.551722915513903,-0.254889632762763,0.539164516889059
0.0465660379488956,-0.289470942259018,4.99675181226600,0.551769954629859,-0.254763027679470,0.534105441046199
0.0462043837655027,-0.289959761778682,5.01139059788871,0.551779305867913,-0.254652820108519,0.527318522195989
0.0457778139203631,-0.290427700089322,5.02913527305993,0.551802020873293,-0.254546397132774,0.522475176696844
0.0455004635964083,-0.290864390972493,5.03812015033998,0.551857082232526,-0.254429354807618,0.517324340118388
0.0450714379234425,-0.291357578059025,5.05659832400615,0.551907086986014,-0.254283046669421,0.512163158542469
0.0447027243262049,-0.291826521449012,5.07139999469163,0.551964329331776,-0.254159323520387,0.507841514314245
0.0443420973559468,-0.292301363169895,5.08561189053601,0.551985496798934,-0.254081712651437,0.500631498665342
0.0440351937863870,-0.292724591628335,5.09673968546171,0.552034610815698,-0.253979014319046,0.495292493375599
0.0436105788268477,-0.293224241601378,5.11526943587543,0.552101644425330,-0.253861915993615,0.492627128370554
0.0432207500625851,-0.293713860563998,5.13093937024618,0.552160939993765,-0.253772726782451,0.489137635976460
0.0429090762575548,-0.293957896728217,5.14207646089809,0.552199603874870,-0.253686625253573,0.483693579216490
0.0424587442188848,-0.293699741895596,5.16111311595201,0.552245087450858,-0.253585644259571,0.479939714815747
0.0421327699346201,-0.293302316687397,5.17161661001961,0.552296210753483,-0.253485814200716,0.475734008256988
0.0417014817855756,-0.293013616177522,5.19044514830055,0.552340524686931,-0.253383678211941,0.471654139282129
0.0413681697244251,-0.292552890365982,5.20189782305111,0.552380626299807,-0.253255822790012,0.465598836120451
0.0409903421412760,-0.292248777559845,5.21602467485699,0.552432670981306,-0.253188836945873,0.462672919209534
0.0405498227495467,-0.291860024828245,5.23292775217747,0.552468602776032,-0.253104856758415,0.455496365823526
0.0401919932369456,-0.291495846860719,5.24583516259187,0.552540885991221,-0.252967796304149,0.453306856204931
0.0398119624045256,-0.291234087488516,5.26392873167705,0.552597555545978,-0.252812386108935,0.445914654767416
0.0394312426068013,-0.290754625772657,5.27589813207043,0.552641873523420,-0.252716686407584,0.440197006167209
0.0390380063958185,-0.290508434963610,5.29139990881307,0.552687359275700,-0.252628714898320,0.437285719580792
0.0386511269014271,-0.290116838732164,5.30720372225512,0.552715919425653,-0.252520975578964,0.432456473387296
0.0383041264006062,-0.289766596106343,5.32002482656425,0.552774811715803,-0.252434742350820,0.429279173515147
0.0378944926697394,-0.289489329354791,5.33758398540271,0.552824819818564,-0.252279350660181,0.422970768806856
0.0374933619364808,-0.289042609582943,5.35210584150955,0.552869763084646,-0.252215540424225,0.419518487200998
0.0371204112748388,-0.288735129177223,5.36634288954727,0.552892259018448,-0.252155698328334,0.413430884395328
0.0367384469170807,-0.288400560399136,5.38358034302107,0.552950461602874,-0.252042628961058,0.408068612324745
0.0363845400408595,-0.287995625334672,5.39400881241889,0.553008885197904,-0.251935594528311,0.402849427119472
0.0359423684740486,-0.287702429640982,5.41367282864295,0.553059073982487,-0.251809463053229,0.397265623320359
0.0355828769354188,-0.287319200356461,5.42646982835380,0.553099339577080,-0.251708619784154,0.391089218148662
0.0351905174955531,-0.286956469834115,5.43960641417318,0.553158281280105,-0.251612305788249,0.389715392577678
0.0348129014987168,-0.286636513108025,5.45532611316328,0.553190256183071,-0.251500481545392,0.384789542160511
0.0344354095928843,-0.286279351723869,5.47031729183741,0.553241324429632,-0.251367928729117,0.378732197194750
0.0340525883772653,-0.285912378572743,5.48374725891046,0.553301215703934,-0.251321679155862,0.376921534209957
0.0336452587715261,-0.285596386041163,5.50211033309446,0.553346427980548,-0.251272173148043,0.375579470216899
0.0332761217335560,-0.285182142666047,5.51550697097970,0.553386892965166,-0.251153915802630,0.370157396423459
0.0329119972575464,-0.284863251397979,5.52824530783083,0.553430085172631,-0.251048219699352,0.365054289686762
0.0324942030573236,-0.284482710128795,5.54604104563929,0.553470837552092,-0.250920194131612,0.356022174597962
0.0321275782836775,-0.284152193961267,5.55933122500000,0.553517020248503,-0.250835482131996,0.351080321740209
0.0317406864934889,-0.283768248794243,5.57426353722460,0.553585303520530,-0.250723537572049,0.349124670728724
0.0313842955428365,-0.283465548398246,5.58853960644883,0.553618148198499,-0.250596936860582,0.339156005014766
0.0309776913286651,-0.283082183211165,5.60477161005194,0.553659268803546,-0.250442749394670,0.332600684480595
0.0306089728700285,-0.282725201309627,5.61798404438184,0.553715875861026,-0.250360106990656,0.333287599888877
0.0302269946612300,-0.282361338956248,5.63400427070378,0.553772297364973,-0.250323317571903,0.332007786153445
0.0298223812675437,-0.282015582324444,5.65030357945414,0.553829501167536,-0.250213837514914,0.328192219380373
0.0294773847953648,-0.281659432581879,5.66095848120441,0.553872694974332,-0.250143807011817,0.325822867748901
0.0290738371717552,-0.281322532999614,5.67877290873403,0.553903910933390,-0.250024316719261,0.320046562012361
0.0286995901922741,-0.280947545732199,5.69173084905717,0.553953805901783,-0.249931990733314,0.314390773375883
0.0282959477525178,-0.280607795175547,5.70847917089467,0.554007840890130,-0.249815965679811,0.309479406001471
0.0278935893470533,-0.280243064093495,5.72354004375871,0.554058072307293,-0.249691843797179,0.303113336642205
0.0275223095730756,-0.279916986105094,5.73826717600626,0.554116094291518,-0.249573400559243,0.296791538690713
0.0271145511748740,-0.279550694222231,5.75357057240466,0.554138318730250,-0.249520055301443,0.293838713448294
0.0267636020954688,-0.279222949458833,5.76582655428575,0.554188358814251,-0.249448892001382,0.289012150630603
0.0263583859789463,-0.278830772439621,5.78133723938046,0.554246498785413,-0.249333766563564,0.283880047362886
0.0259634472383276,-0.278502389431348,5.80090135556115,0.554304758481092,-0.249265667868685,0.280769326964273
0.0256387844574293,-0.278148720388876,5.80949619197290,0.554343721309688,-0.249188233439134,0.275002421438762
0.0252267622744376,-0.277791322857419,5.82620751721733,0.554359482908805,-0.249087212785680,0.269330802021602
0.0248362602209817,-0.277434247637423,5.84103880861761,0.554430128147497,-0.248922750283522,0.268307419069655
0.0244456770506218,-0.277103578821756,5.85474538072337,0.554485896308495,-0.248837256124984,0.265637722365008
0.0240465741162759,-0.276716416477355,5.87156994308587,0.554529397207920,-0.248758428780252,0.263337172342524
0.0237084375043780,-0.276400070862332,5.88407452192307,0.554591908459144,-0.248662266482963,0.259369029311094
0.0233002991843645,-0.276038570117032,5.90248130252504,0.554635920391468,-0.248569597518880,0.255612586530026
0.0228912375294807,-0.275664890553717,5.91603120123264,0.554678034662639,-0.248473959649306,0.250453424913287
0.0225392082914195,-0.275303120651818,5.92780214243314,0.554745003889060,-0.248390722794719,0.245970431018481
0.0221311484801354,-0.274973077737724,5.94654200985207,0.554795759190861,-0.248330484062706,0.242206170014572
0.0217550664085616,-0.274596990769530,5.95961053912159,0.554850954659953,-0.248249573418953,0.237532178081034
0.0213896898969473,-0.274243430037907,5.97264273550667,0.554919153531742,-0.248126131200508,0.231522470655723
0.0209902405019335,-0.273897456875512,5.99158368323733,0.554947598968741,-0.248017012866999,0.226346472072702
0.0206152506370294,-0.273538066446935,6.00361547116623,0.554982925583306,-0.247911668540928,0.219847137478998
0.0201966082785739,-0.273165155311450,6.01655552134326,0.555013310330238,-0.247827557100581,0.217049110160866
0.0198103828001801,-0.272843122569979,6.03832262562849,0.555060587174101,-0.247742586503689,0.213766618158995
0.0194736544738033,-0.272500786709831,6.04806284296311,0.555103786546310,-0.247650747199865,0.211941846697074
0.0190939260006109,-0.272098343026476,6.06077107422197,0.555154380933774,-0.247557791290377,0.209338357002247
0.0186437135453725,-0.271761480937868,6.08171614484974,0.555220988791529,-0.247463032574176,0.206063155641962
0.0182973186269803,-0.271388608270212,6.08921301135226,0.555255493519333,-0.247366196923345,0.202757413523499
0.0179292343340362,-0.271046272431285,6.10737489753224,0.555317454555868,-0.247294244255682,0.199725237384242
0.0175324364250765,-0.270696737472876,6.12198058556893,0.555365590497472,-0.247213541845732,0.196967107784489
0.0171361658907612,-0.270328203060658,6.13409252082057,0.555416942411441,-0.247083499369668,0.190847438665785
0.0167199469098323,-0.269986255091279,6.15339568303368,0.555478353028236,-0.246994175579002,0.185458831953742
0.0163367025344846,-0.269624841830851,6.16643051843041,0.555531834377440,-0.246915740569884,0.181275681352843
0.0160220786564898,-0.269261965841867,6.17635178234013,0.555579689839608,-0.246842169038998,0.177062336869696
0.0155725077951191,-0.268927309485023,6.19841982758841,0.555615102404398,-0.246767248144194,0.171738500594228
0.0151549992198054,-0.268586893276746,6.21337151883392,0.555668207312851,-0.246691308519945,0.167843507937572
0.0148382123479614,-0.268221964814700,6.22278766866581,0.555708779405827,-0.246617202424040,0.164311871152786
0.0144369578974675,-0.267863982619503,6.24084254641222,0.555744541629775,-0.246546809348647,0.160317861760986
0.0140270189802101,-0.267497682274526,6.25586541496616,0.555791190630521,-0.246495953361177,0.158700535759923
0.0136398047157967,-0.267156470063929,6.26906697511986,0.555833495584169,-0.246342393436906,0.151446722010814
0.0132456682455731,-0.266762220807304,0.00254479116585323,0.555875918135896,-0.246231362048520,0.147625642405575
0.0128865878444639,-0.266422074285044,0.0119414277693396,0.555930505439142,-0.246153848424693,0.145167301467538
0.0124307301781464,-0.266079029014931,0.0312138648766056,0.555965917364991,-0.246068603202425,0.141550511174761
0.0120821419189115,-0.265735836025435,0.0478032690334255,0.556012399735170,-0.245973584313950,0.137443916154980
0.0117332790655256,-0.265362437320501,0.0581549203240210,0.556056059337837,-0.245901711456901,0.130026936770917
0.0113065181055863,-0.265030518660005,0.0747090815994192,0.556122650618476,-0.245832785532486,0.134243322509813
0.0109492690709009,-0.264674489202800,0.0938934562896392,0.556158345784533,-0.245734609876485,0.126183440271731
0.0105621528247581,-0.264295032374835,0.0993371950420149,0.556208863054144,-0.245662962108107,0.123220208324211
0.0101706166952219,-0.263941235328233,0.116687879624076,0.556265506795341,-0.245547280220966,0.118782743590678
0.00974452910271301,-0.263596854823116,0.135547834276900,0.556297413209935,-0.245454819543361,0.113306798747900
0.00936697971911051,-0.263222866546305,0.142783678030634,0.556343237331839,-0.245371298651722,0.109181456756495
0.00899085922863759,-0.262870790035919,0.160813563950895,0.556407385315453,-0.245273972137743,0.104342472474774
0.00858910436448571,-0.262523531050033,0.176754730533347,0.556472471239569,-0.245174463236945,0.0995703335555588
0.00820880107245663,-0.262172954474879,0.188929008607363,0.556517623820507,-0.245109227592587,0.0962769784124226
0.00782309242086720,-0.261825117625321,0.204529436496557,0.556565391768460,-0.245045583591106,0.0931894136553990
0.00744778230226315,-0.261471253439883,0.220456821217114,0.556609718585246,-0.245002292338700,0.0919400478592029
0.00704745170076626,-0.261125271482364,0.233999634818159,0.556661392214690,-0.244875677973652,0.0869763478340819
0.00666764082814219,-0.260763860827817,0.249570803476081,0.556714597976436,-0.244776454820877,0.0825968814049566
0.00629223762470466,-0.260438753446887,0.263089205417346,0.556770973016842,-0.244661531988450,0.0776524522200965
0.00589302477855221,-0.260039323606474,0.277422835331017,0.556816192688469,-0.244565739473690,0.0731727512883709
0.00553243278782818,-0.259710098463570,0.295384172422607,0.556854839575048,-0.244480192778845,0.0693541029589355
0.00512583363338816,-0.259324548330609,0.307304690603742,0.556900838092708,-0.244403937841384,0.0655404138042977
0.00473110904829277,-0.259008645020265,0.323569472939136,0.556945013419634,-0.244340058521244,0.0627387481477447
0.00435042489665255,-0.258603344019775,0.339138737518104,0.556990961890995,-0.244257282904677,0.0591351480294850
0.00396068753534534,-0.258255089092661,0.353960479259978,0.557046315122515,-0.244179921308918,0.0555724223128491
0.00354768125754637,-0.257911960092988,0.367419867130973,0.557100661890298,-0.244096111858561,0.0523605458393665
0.00320430645802018,-0.257592278455871,0.386331006280239,0.557144661446034,-0.243992863545498,0.0479724617496189
0.00280294559887058,-0.257182856505289,0.395798897674893,0.557180305056095,-0.243910190622336,0.0445274084490364
0.00240221748960343,-0.256850518090971,0.413743979736161,0.557221064532124,-0.243800452333019,0.0397655074177378
0.00203265884764592,-0.256499903029024,0.427179163640111,0.557243023126310,-0.243748827060940,0.0372600928267898
0.00164407535093836,-0.256142452326727,0.441121802840921,0.557298391048293,-0.243647630506475,0.0332495792448739
0.00124501746345681,-0.255769562355569,0.457125460989620,0.557343904593884,-0.243561476003322,0.0289784274086534
0.000870159929217498,-0.255426431261973,0.471887694762128,0.557407039579070,-0.243476789444141,0.0254326232897710
0.000493042576395126,-0.255086235548855,0.487523259620473,0.557455604140995,-0.243401926092154,0.0205057393625736
5.85790025028006e-5,-0.254634327758849,0.498565335727532,0.557491462251776,-0.243332206816929,0.0189050933764637
-0.000306744283497556,-0.254394694008574,0.516633176839647,0.557561501683719,-0.243235791993953,0.0148756967633987
-0.000694289469929644,-0.253980483755930,0.529175146975838,0.557597662879082,-0.243133212130183,0.00997244235511469
-0.00109207076788861,-0.253615606569922,0.544527406503666,0.557638980342642,-0.243057040327588,0.00565139178973370
-0.00146839984778460,-0.253367333071339,0.562101897554495,0.557674847553194,-0.242975226026216,0.00147550338170664
-0.00187187809940505,-0.252859337793334,0.573323875571341,0.557733275614699,-0.242882433207989,6.28087547434058
-0.00220848558508188,-0.252633670072466,0.589099549297017,0.557799176362016,-0.242777638765527,6.27596437267048
-0.00216574344653122,-0.252221870953133,0.604877932839619,0.557836158914919,-0.242702060338637,6.27283177593165
-0.00185775950227036,-0.251822483481445,0.620202510172863,0.557873202832079,-0.242630700297103,6.26949516838563
-0.00160624549973185,-0.251427865561563,0.629233709730849,0.557920281420263,-0.242525380553213,6.26409415697758
-0.00128623645998080,-0.251100307434165,0.646567946223093,0.557973883439388,-0.242447515690893,6.26016668991325
-0.00102314765696449,-0.250629917675967,0.653265615756049,0.558017037916254,-0.242378785113024,6.25750741998429
-0.000690004095574695,-0.250356766429907,0.675315475305185,0.558065901992478,-0.242317109628607,6.25471274568768
-0.000425024027344463,-0.249877623370531,0.685262868572823,0.558107978730131,-0.242205074022697,6.25058435545712
-0.000100695175371495,-0.249571733635519,0.699821699957561,0.558158040189621,-0.242112336928347,6.24695248667033
0.000183986792697412,-0.249145797611567,0.715076241215581,0.558208486334649,-0.242032901234698,6.24424504834757
0.000464638863996072,-0.248772572325276,0.723946284890486,0.558247836764669,-0.241947523573923,6.24100162650483
0.000790892300301993,-0.248406521665343,0.742693664139255,0.558291405690940,-0.241877338737391,6.23776407751513
0.00105753774278299,-0.248034725911927,0.753072286659908,0.558336699405994,-0.241806345340987,6.23400499713212
0.00138153056545946,-0.247637628407112,0.769235287360660,0.558413378074555,-0.241705586811641,6.23028167516212
0.00164058595815127,-0.247273474637535,0.779140379425253,0.558448404588061,-0.241648692021432,6.22722465282607
0.00194286597823776,-0.246852099653340,0.793289081073512,0.558488164023324,-0.241583208827338,6.22421762012375
0.00223882720580048,-0.246500223368235,0.807053961339256,0.558545308830573,-0.241474245887738,6.21830680896198
0.00254442682384344,-0.246158926651604,0.822006995211663,0.558594950942506,-0.241390734008116,6.21426553187973
0.00281788261929836,-0.245732367668485,0.833479090314067,0.558629429682978,-0.241310704816737,6.21026190400079
0.00311119355404240,-0.245350616600980,0.848378635537233,0.558671115413425,-0.241227872928873,6.20638772607362
0.00341653102498518,-0.244983162467362,0.862015034104065,0.558707102814412,-0.241188288112789,6.20391572282631
0.00368613382938568,-0.244586982942177,0.874775238796797,0.558770320432771,-0.241108389932649,6.20002386634767
0.00399867580578376,-0.244220515114652,0.889822111796003,0.558826054433595,-0.241034917568506,6.19597586190293
0.00426754310932609,-0.243832659267531,0.901015041247273,0.558891274914641,-0.240918208197530,6.18843998833463
0.00455329120654164,-0.243484603051816,0.914026099767684,0.558950810772076,-0.240809830791380,6.18336413138807
0.00486291193667144,-0.243085044740311,0.929285589741720,0.558986354434006,-0.240734682782070,6.17966494883434
0.00514106919606826,-0.242713857560939,0.941066562993354,0.559039666109859,-0.240651124924571,6.17698227189254
0.00546406946158776,-0.242319757654427,0.956705807534881,0.559077283942644,-0.240598542800847,6.17209720530135
0.00574506856090225,-0.241956825260756,0.969891781240361,0.559128717231694,-0.240541549443628,6.17176665317827
0.00602936525742617,-0.241547168468097,0.982941887296982,0.559176717175105,-0.240481933322498,6.16880512681807
0.00634164770117956,-0.241204751504674,0.996186421041317,0.559240761719348,-0.240394079695114,6.16484496458890
0.00662784883307010,-0.240793258070596,1.01133189071351,0.559283405749227,-0.240288758558622,6.16050944771098
0.00690973720145485,-0.240416678471665,1.02336216246066,0.559334332981307,-0.240202863574472,6.15692320557545
0.00720790485208258,-0.240031385993414,1.03817553514378,0.559409070740345,-0.240109359735130,6.15046049380373
0.00750662761551716,-0.239673779169371,1.05159962934083,0.559465045011450,-0.240029523236535,6.14640971952426
0.00778573370469883,-0.239270512569047,1.06559234260112,0.559511477679311,-0.239958431692445,6.14376534891905
0.00807119761864426,-0.238895917476825,1.07824617531749,0.559548340809947,-0.239910376299082,6.14223592394239
0.00837583042803542,-0.238522361329930,1.09356868403668,0.559598638543301,-0.239853616745600,6.13976636772748
0.00866367106139368,-0.238134291375862,1.10641189122454,0.559651090637598,-0.239802930641920,6.13787801834254
0.00893101156054821,-0.237742082634516,1.11954677268818,0.559702874364382,-0.239694987813897,6.13278442466870
0.00924210849384033,-0.237382132671584,1.13349336740429,0.559745108966155,-0.239609220647282,6.13131894971384
0.00951865042097064,-0.236987011801458,1.14738645754441,0.559797996051211,-0.239547098385182,6.12816746537339
0.00982986104310743,-0.236629599952225,1.16236633563681,0.559851059514199,-0.239449154059885,6.12351193979698
0.0101050027830446,-0.236235443872213,1.17486577822930,0.559896560965868,-0.239395455688310,6.12079827950680
0.0103786257791672,-0.235853030236063,1.18920676572603,0.559948777077435,-0.239342666966318,6.11753428796130
0.0107062781755884,-0.235492067527161,1.20334175905079,0.559989217184198,-0.239298296889283,6.11410863119211
0.0109784448767114,-0.235106030295114,1.21689521429150,0.560059000507201,-0.239220740010486,6.10970526426292
0.0112618729131388,-0.234732358691650,1.22794317005291,0.560098126399866,-0.239170564083226,6.10660427567240
0.0115552604364932,-0.234343844202348,1.24403049688603,0.560139048184185,-0.239089670353810,6.10191625286229
0.0118274617605402,-0.233976281568751,1.25587692110752,0.560206449998640,-0.238989023083404,6.09579303823594
0.0121083196817345,-0.233567306079750,1.27029051986240,0.560246026302149,-0.238922260653013,6.09206361232882
0.0124048374726219,-0.233209769399804,1.28436432027958,0.560294838505858,-0.238868110473004,6.08913157593772
0.0126813705073763,-0.232818284865572,1.29775166979379,0.560348741424847,-0.238796710754433,6.08590671133317
0.0129676056162976,-0.232434893939992,1.31252187170627,0.560399035717467,-0.238731353723912,6.08254422074574
0.0132989547030605,-0.232061606449612,1.32599920617657,0.560449764717802,-0.238685057187600,6.08077269951446
0.0135318650845309,-0.231695337702210,1.33825909445253,0.560501939104294,-0.238616190084317,6.07685425825106
0.0138555750515586,-0.231275561052589,1.35373463401801,0.560567215146013,-0.238547991069122,6.07161292435595
0.0141263361486950,-0.230951123721300,1.36573700078852,0.560595482194439,-0.238489015437726,6.06935569299119
0.0144227419572290,-0.230475570911431,1.38215121412366,0.560652775582055,-0.238402487167965,6.06596268975061
0.0147077814623613,-0.230216201804067,1.39258560808771,0.560703859600399,-0.238328336106742,6.06118541663597
0.0149877384364437,-0.229742817637351,1.40817346879857,0.560752924686954,-0.238250569897771,6.05844234672669
0.0152569561263169,-0.229423684649665,1.41994978382227,0.560812451404735,-0.238189577513538,6.05663912749698
0.0155460955246387,-0.229015482443190,1.43389971413436,0.560860449903567,-0.238134048006989,6.05425914660557
0.0158371030785976,-0.228642640666079,1.44845502095927,0.560924272242791,-0.238079743297295,6.05237037642168
0.0160864809835507,-0.228270654024779,1.45934278744282,0.560981152224248,-0.238013365906212,6.04885614913056
0.0164477521299487,-0.227895126637967,1.47670805929137,0.561024579937005,-0.237956946519443,6.04710678602052
0.0166823899041243,-0.227509869903912,1.48685514067035,0.561083655866449,-0.237918559771778,6.04536110392216
0.0169933757098749,-0.227184380901774,1.50126368765603,0.561137892246497,-0.237868433807709,6.04314478285751
0.0172687307939313,-0.226808858351696,1.51495472553321,0.561197795252838,-0.237760746836233,6.04055279882382
0.0175392064738327,-0.226382842286499,1.52823723010875,0.561239857249992,-0.237700969970035,6.03833239641405
0.0178427360936360,-0.226081948047412,1.54197692853055,0.561285816936787,-0.237616278855956,6.03288980065575
0.0181200149094235,-0.225596260477885,1.55622527397155,0.561347076775674,-0.237557672085584,6.02998359127332
0.0184013594064875,-0.225304524340504,1.56819300856647,0.561399656590807,-0.237486546848351,6.02560067966811
0.0186954329850433,-0.224925802915812,1.58284814830260,0.561458091450976,-0.237418130241382,6.02204545504621
0.0189552323972270,-0.224490852859913,1.59544993952794,0.561510119434654,-0.237379996860232,6.01949698725936
0.0192713241797403,-0.224204040626155,1.60976826384033,0.561548396679579,-0.237314101783212,6.01635426684739
0.0195596623333192,-0.223792718551836,1.62376933936400,0.561618298835834,-0.237262906365385,6.01288017939251
0.0198464366913220,-0.223422228719251,1.63754808947859,0.561644589406871,-0.237222505569545,6.01110286162947
0.0201217039220984,-0.223072589477574,1.64970079706191,0.561713451256010,-0.237160234916018,6.00729138902955
0.0204285423384204,-0.222701358779696,1.66481719408133,0.561763222243325,-0.237102213403485,6.00458358232305
0.0206995951779182,-0.222316264463761,1.67864654843786,0.561806985077319,-0.237031888877062,6.00072488042508
0.0209634987185063,-0.221908793466634,1.69082527449183,0.561863603181021,-0.236934999882898,5.99607427252000
0.0212781985019433,-0.221606965759509,1.70705408445569,0.561904530614092,-0.236864386869206,5.99270916732540
0.0215594840254638,-0.221207967246236,1.72005074078565,0.561961503356738,-0.236802326711056,5.98899923888748
0.0218200179300813,-0.220797669881428,1.73333287861625,0.561998014786323,-0.236756656818283,5.98662285915649
0.0221062610175038,-0.220457462100560,1.74814533217338,0.562057219227774,-0.236710613186407,5.98376979082970
0.0224078688859913,-0.220073684800503,1.76320431487877,0.562114042040571,-0.236670030620877,5.97851756130372
0.0226854594710843,-0.219689803462136,1.77629493741196,0.562150401976361,-0.236643262232869,5.97700670817269
0.0229347175552034,-0.219343303000018,1.78892960384820,0.562221670856665,-0.236586591943695,5.97420184569389
0.0232376450847474,-0.218973491162568,1.80459536089673,0.562267268034392,-0.236513226139442,5.96999870725316
0.0235249299176415,-0.218564976265633,1.81827952385080,0.562331378898275,-0.236440183350391,5.96583388547305
0.0238216242561138,-0.218217990746023,1.83267124874066,0.562392902241358,-0.236365224778293,5.96196410745555
0.0240820466677159,-0.217836529055427,1.84566805668222,0.562430868943804,-0.236308160466213,5.95895862044541
0.0243357686533039,-0.217475454850200,1.85769914114479,0.562498589970327,-0.236246589938678,5.95556253026908
0.0246424656404244,-0.217122522156420,1.87348631334629,0.562528129275473,-0.236193377960684,5.95322946376032
0.0249189883376795,-0.216761210888492,1.88682053715233,0.562578922296607,-0.236156199202933,5.95123216955195
0.0252226888790669,-0.216342787086457,1.90165946841852,0.562620010597893,-0.236121518645878,5.94973460440641
0.0255138713808852,-0.215986590979527,1.91732249690731,0.562656336715741,-0.236059204971479,5.94684179782477
0.0257488310745037,-0.215660481804399,1.92757030186675,0.562717544893508,-0.235992040167406,5.94335987110996
0.0260680056781540,-0.215273120040877,1.94300084093265,0.562794683697856,-0.235926722736897,5.94012855012314
0.0263419148852691,-0.214864760039611,1.95660245672342,0.562854404604265,-0.235853014221233,5.93624528513572
0.0266200028865218,-0.214543750181899,1.97173478422315,0.562905581754443,-0.235781870454603,5.93289230796350
0.0269160661473547,-0.214159762245550,1.98708973669960,0.562947147137067,-0.235739047616113,5.93082149801004
0.0271652926947877,-0.213796577656705,1.99785826945491,0.563021359898243,-0.235687731366100,5.92715732666227
0.0274284529243962,-0.213470179369482,2.01037482504523,0.563052074882758,-0.235682683261599,5.92724631468401
0.0277857587865337,-0.213033868900217,2.02928689942996,0.563086407310579,-0.235616809063457,5.92413318122738
0.0280210520978913,-0.212674301081922,2.04172181279373,0.563137202786999,-0.235560126783876,5.92098931034747
0.0282413566485034,-0.212363017251438,2.05130163094683,0.563176760860206,-0.235503181859447,5.91865705527361
0.0285844764003759,-0.211947744244630,2.06904274093207,0.563245149596246,-0.235405092135243,5.91340536345459
0.0288855743825741,-0.211577235029230,2.08467701049242,0.563306119228589,-0.235343937566992,5.91061419637054
0.0290999795756215,-0.211245507248356,2.09447614803995,0.563352991087160,-0.235294036668928,5.90790514774574
0.0294149176205431,-0.210848193338324,2.11106123005221,0.563404282634786,-0.235233015015382,5.90476561708510
0.0296424020139456,-0.210543055301587,2.12049446045217,0.563461143959322,-0.235162517253766,5.90117495068556
0.0299435645166869,-0.210113616048356,2.13775590419558,0.563490261310582,-0.235130621474400,5.89881358035685
0.0302045155110175,-0.209754010005493,2.15118276749796,0.563521010947487,-0.235098355730995,5.89775009342121
0.0305027808486866,-0.209457126725396,2.16400351426103,0.563562699745529,-0.235065594631775,5.89576268335524
0.0308027588161993,-0.208997147784089,2.18178467680968,0.563612365236522,-0.235028816973335,5.89426685788813
0.0310477268368567,-0.208678554159579,2.19357878932575,0.563664505711671,-0.234972299481751,5.89100688577432
0.0313055518290929,-0.208324231991215,2.20526534977622,0.563741586609403,-0.234877077165050,5.88279259696915
0.0315790024811417,-0.207949281954342,2.21911696077658,0.563779709045850,-0.234784851265556,5.87993511875290
0.0318556696999779,-0.207556905943680,2.23386279329799,0.563830528702852,-0.234723916456846,5.87599321886624
0.0321387410227535,-0.207183967409831,2.24878243261549,0.563867342139384,-0.234674306544837,5.87426263849585
0.0324222281644617,-0.206871018912637,2.26328922275810,0.563918301644159,-0.234623685280647,5.87129810869576
0.0327212794041952,-0.206470718623219,2.27863870503979,0.563942422052703,-0.234574537333624,5.86960627804546
0.0329615060321026,-0.206110060965308,2.28984686426940,0.563972533093703,-0.234533060619108,5.86722578077564
0.0332176671362992,-0.205749239424956,2.30233180234212,0.564003485483233,-0.234489599654052,5.86572462612771
0.0334968925476065,-0.205377466689276,2.31668365381862,0.564047005167505,-0.234432578305789,5.86305314353175
0.0337891473620920,-0.204981781093685,2.33277471224269,0.564095638635782,-0.234374030063372,5.86026421557139
0.0340680600278209,-0.204660223565187,2.34493847254493,0.564153433170933,-0.234298461247555,5.85593601638949
0.0343488150917525,-0.204297318627457,2.35936650517781,0.564203771547178,-0.234249607004875,5.85385643706074
0.0346090514768272,-0.203919790999793,2.37231395618197,0.564230783117386,-0.234199069917991,5.85160704906134
0.0348732630156942,-0.203574558695666,2.38560769768194,0.564265287142073,-0.234141087612782,5.84842525128601
0.0351402873472898,-0.203160337236995,2.39937947770934,0.564308059063780,-0.234068729216691,5.84590783572046
0.0354257405820538,-0.202803924690824,2.41379812467459,0.564327977467066,-0.234035350213034,5.84369208109215
0.0357229345076698,-0.202444867665678,2.42890094621676,0.564351898083220,-0.233983499586546,5.84078936551877
0.0359923020845224,-0.202105928653026,2.44198684085161,0.564397704835896,-0.233926457774652,5.83803490868744
0.0362716061143373,-0.201709597623884,2.45717629183202,0.564432815314941,-0.233875063379863,5.83566035895538
0.0365338203313479,-0.201367301389002,2.46964432491764,0.564483515621071,-0.233800256072115,5.83142191683893
0.0368243673177147,-0.201007509344559,2.48429359737138,0.564538882403109,-0.233744369216404,5.82846706740823
0.0370896598502858,-0.200626866028982,2.49913531894777,0.564580768687674,-0.233698594045629,5.82599160447353
0.0373344764160089,-0.200288611197954,2.51074931742459,0.564600568916787,-0.233641628460538,5.82441324302283
0.0376306264841911,-0.199897006687928,2.52688926507689,0.564636086190993,-0.233617496256449,5.82254692156013
0.0378995683717445,-0.199561035687881,2.53827250288380,0.564669254139001,-0.233553168180826,5.81979024915682
0.0381746388440518,-0.199173909997527,2.55259707574726,0.564691745318523,-0.233522736642423,5.81968693923136
0.0384329309830704,-0.198818757813368,2.56395545223237,0.564726270800877,-0.233480163968322,5.81617950021759
0.0387038083975921,-0.198447491608481,2.57846601470380,0.564767637679832,-0.233436014365111,5.81415792254683
0.0389769218806025,-0.198075485994182,2.59411809817401,0.564799383484064,-0.233382604794499,5.81181422081322
0.0392401031152280,-0.197729575299585,2.60618666093251,0.564846235437320,-0.233311994134057,5.80837154012186
0.0395254490203079,-0.197322514149032,2.62281506306013,0.564881535826969,-0.233237351754026,5.80628991859652
0.0398010201316139,-0.196991649842572,2.63597488069508,0.564919347184166,-0.233153973615078,5.80277586857352
0.0400848909709820,-0.196632290642590,2.65067284617148,0.564947419465245,-0.233103964425501,5.80018895376809
0.0403595580101623,-0.196259476743816,2.66563117162721,0.564983547346057,-0.233049225214939,5.79750568653529
0.0406275206493280,-0.195908842414571,2.67982343421272,0.565006098161399,-0.233010292211696,5.79543421517543
0.0408830933112853,-0.195520480923330,2.69326787105429,0.565063069173119,-0.232950154754653,5.79237212241144
0.0411604195730066,-0.195165771769385,2.70610390479804,0.565088807518826,-0.232909147090844,5.79028803295507
0.0414269514684022,-0.194818563887396,2.71861608341928,0.565120643690547,-0.232876664111263,5.78849314807210
0.0416861847569935,-0.194433636037806,2.73045987431583,0.565156619198285,-0.232853086165135,5.78696508053432
0.0419547486408280,-0.194097429537722,2.74200069129698,0.565197063057971,-0.232809634056290,5.78444038109849
0.0422252812093327,-0.193725419244063,2.75656589932883,0.565251034617696,-0.232755785810475,5.78124000505410
0.0425039046499405,-0.193388179132109,2.77088584972674,0.565296355636555,-0.232695822023869,5.77853168210498
0.0427542101388644,-0.192997950732142,2.78661796401707,0.565329816653504,-0.232639379647294,5.77605463541489
0.0430411375981530,-0.192655592744697,2.80090070131835,0.565352265825649,-0.232609795195312,5.77482740394812
0.0433260971010861,-0.192265260069695,2.81663295874862,0.565384952479923,-0.232549427021917,5.77232817564146
0.0435925789482643,-0.191920576710766,2.83008526928084,0.565437713548202,-0.232503099080407,5.76907578648338
0.0438877079825752,-0.191593639536625,2.84320259538820,0.565466108179537,-0.232429255987552,5.76594209983523
0.0441740615141363,-0.191206904705770,2.85880291189194,0.565497050658465,-0.232407832895733,5.76504940745261
0.0444667678097488,-0.190861304206393,2.87302494707495,0.565539860219849,-0.232340153451019,5.76163298053608
0.0447196645567334,-0.190469753164900,2.88879683566976,0.565561303872043,-0.232285659160143,5.76032180694442
0.0449981826843773,-0.190120215271795,2.90307202219644,0.565605062078369,-0.232243639929151,5.75785990690650
0.0452557618174682,-0.189747918431922,2.91592738168320,0.565670047035544,-0.232173110631663,5.75337072869988
0.0455296873495372,-0.189389194393733,2.92899584901437,0.565699011041563,-0.232138025462918,5.75162173611173
0.0457959359004975,-0.189034308575423,2.94089986218953,0.565739544611613,-0.232099004069750,5.75043165076500
0.0460890146175920,-0.188694915289964,2.95285099733101,0.565776487780833,-0.232056939780387,5.74798753179675
0.0463515014929037,-0.188314219731400,2.96847996751748,0.565804590537452,-0.232005836945422,5.74582703878451
0.0466482396899768,-0.187958652578710,2.98445128425557,0.565843932445433,-0.231975077544604,5.74434036137284
0.0468702686418591,-0.187596484810809,2.99457873564558,0.565886930883752,-0.231942417174630,5.74088009929503
0.0471145818441373,-0.187226417260712,3.00754406105777,0.565919262474221,-0.231903802149175,5.73856892459484
0.0473877095787026,-0.186877609954518,3.02120743105764,0.565961324262872,-0.231879187647166,5.73677155670398
0.0477282120877658,-0.186505864319284,3.03731834758346,0.565984480019364,-0.231865944103510,5.73660988799588
0.0479803918486356,-0.186157718876233,3.05148717738075,0.566016595336301,-0.231836549095728,5.73497467180951
0.0482439583083240,-0.185806958855364,3.06319737228279,0.566046453179059,-0.231803674105635,5.73283070063139
0.0484929762056522,-0.185440486255964,3.07754141148664,0.566109987135622,-0.231754659334000,5.72981813659200
0.0487852041155932,-0.185083023758336,3.09293491892677,0.566145271358098,-0.231668190993613,5.72645066907152
0.0490498643040729,-0.184724351423935,3.10730949890298,0.566185130144075,-0.231603443373967,5.72329478617042
0.0493195489069959,-0.184368692857872,3.11949651541342,0.566223860623963,-0.231528449453674,5.71979645715262
0.0495969833647861,-0.183969809497641,3.13382874111061,0.566255362572216,-0.231474247695236,5.71707222975489
0.0498456125544982,-0.183623702121557,3.14718847435425,0.566273067386872,-0.231422724700271,5.71554156319903
0.0501274813010444,-0.183286033799887,3.15994132386461,0.566308808810102,-0.231383160062402,5.71385041316398
0.0503997606830855,-0.182907532022566,3.17559081199770,0.566346320251693,-0.231340265579182,5.71132676194290
0.0507127816142322,-0.182541129669916,3.18996737563379,0.566374465143283,-0.231313487380056,5.71102058470592
0.0509386565960783,-0.182193563026780,3.20249889867856,0.566406995731303,-0.231280795602643,5.70896688902731
0.0512088978654842,-0.181810100088303,3.21462090153254,0.566441376259487,-0.231261009318277,5.70768566795129
0.0514937454559688,-0.181450427144126,3.22947449924523,0.566460063011963,-0.231222146573624,5.70632215659305
0.0517751940839327,-0.181091259964301,3.24669364941571,0.566524977007738,-0.231172212194825,5.70373852993389
0.0520574770799161,-0.180730436432174,3.25856498189901,0.566569471610482,-0.231146522527344,5.70170556319855
0.0522960060678935,-0.180348032663323,3.27336427751454,0.566612557818516,-0.231105997486290,5.69960209039545
0.0525864205270289,-0.180013218109570,3.28389665614536,0.566644698334414,-0.231081881906878,5.69925990571214
0.0528499523573559,-0.179638386656119,3.29910722627991,0.566678881944163,-0.231048464956104,5.69693927846205
0.0531505434064551,-0.179277283503642,3.31675657878538,0.566711422078438,-0.231014341184872,5.69555617643667
0.0533993310099880,-0.178900998307171,3.33057721090557,0.566742649081111,-0.230993371207420,5.69407819907064
0.0536833553386059,-0.178536425246590,3.34295749189652,0.566767223402049,-0.230962719531145,5.69225590909372
0.0539511192249740,-0.178194772632940,3.35812706642477,0.566796618706435,-0.230939043901441,5.69100092266045
0.0542235538613666,-0.177827056479583,3.37345529234161,0.566827891262351,-0.230898169730031,5.68922597708687
0.0545069885641496,-0.177492486930120,3.38667612692257,0.566852432039368,-0.230879326682587,5.68788967756374
0.0547566189356176,-0.177114454984691,3.40019989525161,0.566904606456916,-0.230845295182915,5.68624163329960
0.0550308665035334,-0.176743985605898,3.41464648836846,0.566930103236621,-0.230805954739706,5.68400324623784
0.0553127014990352,-0.176416024036215,3.42898904551835,0.566968086146778,-0.230750035396839,5.68159990332677
0.0555518197577073,-0.176009774486321,3.44556015107400,0.567008004751346,-0.230698690702173,5.67859046715809
0.0558426059903316,-0.175706603385908,3.45642681004789,0.567038307478251,-0.230635463418290,5.67640033208954
0.0561216766786054,-0.175310593474107,3.47224648655110,0.567095164832067,-0.230573797221071,5.67228565545586
0.0563929350925208,-0.174950156512086,3.48388612105716,0.567120362474414,-0.230523299967876,5.67045207569226
0.0566645812476533,-0.174604817669699,3.49669680746625,0.567140916028934,-0.230477287428262,5.66857182151619
0.0569302955494371,-0.174224538772542,3.51300482350907,0.567186521382619,-0.230440422529316,5.66631632754161
0.0572158356676927,-0.173847941133869,3.52557060604697,0.567210929087543,-0.230417649830712,5.66469753622883
0.0574800982580104,-0.173490879360632,3.53580795767709,0.567227285710706,-0.230398380405265,5.66470414726378
0.0577500112063465,-0.173138816209231,3.55217381607171,0.567249111113136,-0.230374286210677,5.66322340901570
0.0580134672924167,-0.172722270172712,3.56880888147065,0.567286242291357,-0.230358411571068,5.66205757619162
0.0583049247519689,-0.172446919870445,3.57735725388393,0.567316519607950,-0.230333794215005,5.66152761865633
0.0585798927422563,-0.172047673903554,3.59221622428445,0.567350577434199,-0.230304993615294,5.65944408764327
0.0588039294817924,-0.171616378666779,3.61075978338594,0.567400374467476,-0.230271236593246,5.65751453762886
0.0591399254144809,-0.171392636813114,3.61891783752715,0.567427560223485,-0.230252805448349,5.65651779926112
0.0593893616295169,-0.170916557655959,3.63859674425559,0.567451878289909,-0.230231416926414,5.65588166164859
0.0596100324419054,-0.170550874544805,3.65222596141058,0.567473583756338,-0.230201916367880,5.65412707164668
0.0599410176019426,-0.170317790265345,3.66235096999144,0.567498073928860,-0.230182826053230,5.65333738459429
0.0601775095568260,-0.169835192149275,3.68041147324698,0.567523617791344,-0.230168893200495,5.65249507892827
0.0604585045064037,-0.169496971624899,3.69298684483154,0.567550412447433,-0.230152011248097,5.65153297189940
0.0607818614365704,-0.169188696662590,3.70306300372723,0.567597967310200,-0.230112524657614,5.64920929019430
0.0609756631430700,-0.168779225264932,3.72084793985248,0.567623609915599,-0.230092084672837,5.64799408445375
0.0612473403904946,-0.168417906645119,3.73683472910606,0.567647454265098,-0.230075244491383,5.64715099873331
0.0615757329242977,-0.168090479927679,3.74820104424500,0.567670034341691,-0.230062543396213,5.64628290755510
0.0618268698582250,-0.167745992904939,3.75670935968428,0.567691147528357,-0.230037467489845,5.64559368804025
0.0620661146602784,-0.167362204372665,3.77545166349023,0.567721179101283,-0.230019746719558,5.64377268507694
0.0623584430695506,-0.166977319652036,3.79090768240943,0.567741816664060,-0.230015735034035,5.64360925073595
0.0626613878674114,-0.166655863276464,3.79769403367132,0.567776171775922,-0.229958166533636,5.64044505160165
0.0629146926815556,-0.166301174259262,3.81426215865582,0.567791926700252,-0.229964706510738,5.64081607854958
0.0631695772728167,-0.165887225027273,3.82978071738654,0.567828114006424,-0.229919838283084,5.63832015682997
0.0634592296595130,-0.165558695530871,3.84247633617438,0.567859913276699,-0.229912956909389,5.63766403297705
0.0637064997808253,-0.165238407879967,3.85693376173842,0.567888252221299,-0.229882070222887,5.63589657253111
0.0639845591391377,-0.164857946081219,3.86972945582011,0.567910027730584,-0.229864244194842,5.63462323009130
0.0642528014687433,-0.164483609257362,3.88600673902839,0.567936150543933,-0.229835253492386,5.63307347766593
0.0645339758858609,-0.164154977277487,3.89939607414416,0.567964453044031,-0.229801421614702,5.63138021406477
0.0647902592412694,-0.163790505746251,3.91298661279767,0.567975826942159,-0.229777216475506,5.63012273529414
0.0650461055170001,-0.163439178278692,3.92634446150248,0.568002546073984,-0.229755652990375,5.62888121714408
0.0653295983652441,-0.163044121366899,3.94051428533694,0.568032263789524,-0.229731581676357,5.62717374088558
0.0656028383592318,-0.162723811872517,3.95392836943202,0.568043439203912,-0.229691487696858,5.62582763175664
0.0658896380473905,-0.162323199882908,3.96723498578794,0.568078298408003,-0.229675256542159,5.62454398941396
0.0661511136466802,-0.161978897072227,3.97928887414284,0.568077449074358,-0.229648424455114,5.62493179577504
0.0664132828295970,-0.161632466840577,3.99501599754958,0.568111497029974,-0.229634851897939,5.62247923750842
0.0666575785569587,-0.161237627894732,4.00968423476641,0.568120695428532,-0.229610825167779,5.62192879329164
0.0669378906083653,-0.160885325850548,4.02381833355819,0.568148095152732,-0.229566770203765,5.61974078753825
0.0672079932237008,-0.160553077082763,4.03680779799930,0.568174801375018,-0.229547814867965,5.61800853086624
0.0674968848637557,-0.160184109578043,4.05110190620069,0.568199879292037,-0.229538495585443,5.61703776125142
0.0677520766423097,-0.159831034077189,4.06491647150237,0.568199047387142,-0.229515296730767,5.61655007967108
0.0680325585006365,-0.159436999145940,4.07635428741412,0.568242520542834,-0.229497787289404,5.61511680301690
0.0682965410770387,-0.159080503352365,4.09120862096920,0.568252245027520,-0.229481686470137,5.61430587277503
0.0685517545508846,-0.158742161981507,4.10546287837465,0.568290314630134,-0.229477773364424,5.61338107935290
0.0688410795491635,-0.158383897390408,4.12051245257420,0.568309674498297,-0.229457626862767,5.61231753485139
0.0691107167937811,-0.158009137384062,4.13173841031773,0.568326814924158,-0.229458799175015,5.61205752431708
0.0693882708953711,-0.157674848896266,4.14724469159752,0.568336508448659,-0.229451829982681,5.61185134494248
0.0696677934853782,-0.157288204564550,4.15970635190302,0.568359298422315,-0.229442369101869,5.61041460368191
0.0699111758394210,-0.156929034990401,4.17377464425699,0.568384059629697,-0.229432565118636,5.60963971821935
0.0701975793680195,-0.156573907377371,4.18839795221387,0.568391621086204,-0.229415737580864,5.60930744459542
0.0704677106700068,-0.156220609564523,4.20186869852502,0.568407612652032,-0.229401631027601,5.60885306594476
0.0707378844049893,-0.155892160085915,4.21685373173679,0.568429473445762,-0.229402057310732,5.60833257121238
0.0710294566053509,-0.155505059391702,4.22922977392866,0.568441239164127,-0.229393435184984,5.60713972663648
0.0712876006554216,-0.155147111698446,4.24249292879113,0.568460985093718,-0.229378096716033,5.60688615104690
0.0715439017481280,-0.154757826897046,4.25751204577422,0.568462267426163,-0.229369421312818,5.60618917998885
0.0718217592582279,-0.154429336931201,4.27086405738519,0.568463749377723,-0.229350620204682,5.60881555291249
0.0721018376707671,-0.154079393655847,4.28322832266296,0.568492455530937,-0.229357754845466,5.60503147024455
0.0723780925189137,-0.153701554513562,4.29718817680765,0.568494575725658,-0.229337735065136,5.60819766341208
0.0726425748525597,-0.153356233227021,4.31059256812653,0.568522586024760,-0.229349874570393,5.60464023640690
0.0729181124636207,-0.152993125208834,4.32707965008239,0.568531836312052,-0.229340288216638,5.60415702367647
0.0731831512409905,-0.152633387447918,4.33867591506210,0.568521217504072,-0.229328205704990,5.60744865948118
0.0734359819940100,-0.152243201309904,4.35274536003810,0.568557020861750,-0.229338212790212,5.60310615982208
0.0737308512183373,-0.151890788777863,4.36698812460911,0.568564728486044,-0.229331989504276,5.60307309003182
0.0739754281230327,-0.151567600924294,4.37976857666527,0.568575425963310,-0.229328081515725,5.60319132712753
0.0742671019609719,-0.151170445319319,4.39546797539674,0.568559393098247,-0.229313364895988,5.60624328363517
0.0745168065152851,-0.150831279978105,4.40720724857021,0.568564368568433,-0.229304919982468,5.60546108007533
0.0747922595146704,-0.150491856966878,4.42308403530410,0.568609364148454,-0.229304817611840,5.60076075297928
0.0750687098972142,-0.150093174929660,4.43629156941105,0.568610388085148,-0.229305803146705,5.60103357187691
0.0753069342483684,-0.149756464259844,4.44892680092939,0.568624373133589,-0.229307647381027,5.60032410044262
0.0755855527299400,-0.149416855686478,4.46689893051200,0.568620110036594,-0.229309616068509,5.60052243494013
0.0758526402125640,-0.149027792300803,4.47677248141437,0.568631634698935,-0.229301680669492,5.60026143729882
0.0760913731940206,-0.148621605002967,4.49278838606476,0.568635178139965,-0.229307924657507,5.60055810857055
0.0763585363678938,-0.148351454669105,4.50880729970872,0.568635623978819,-0.229298767548022,5.60028335282749
0.0766569313986472,-0.147944758930603,4.51779929258235,0.568647876540887,-0.229302489413096,5.59956256361337
0.0769342445408734,-0.147562554973390,4.53406038527732,0.568652997523545,-0.229304163320734,5.59991851583676
0.0771879568201660,-0.147215872985682,4.54577228691783,0.568662012107874,-0.229303149004388,5.59923802195518
0.0774564670792636,-0.146893026057415,4.56331547022834,0.568652736539057,-0.229301810527751,5.59991382374164
0.0777235206596474,-0.146489570126178,4.57558819260592,0.568655688662600,-0.229297618736430,5.59962646083017
0.0779840953148123,-0.146153092132544,4.58998571390206,0.568660001523396,-0.229296951911400,5.59931961921376
0.0782569278960771,-0.145777422586144,4.60228377188505,0.568657564417988,-0.229300258106317,5.59920555205211
0.0785279950516317,-0.145423735265788,4.61714317381262,0.568663838506505,-0.229299405161350,5.59919682555433
0.0787787683451261,-0.145086495265145,4.63221770455263,0.568658032230331,-0.229300317777967,5.59912796497399
0.0790607032009118,-0.144648434294272,4.64320202465179,0.568669065248603,-0.229300682783156,5.59885704025997
0.0793146025767307,-0.144388788965500,4.66079423834435,0.568670027760059,-0.229302787645777,5.59870683763138
0.0796106405474945,-0.143994109867572,4.67085105364064,0.568675653487492,-0.229305463819560,5.59855763756641
0.0798684444552812,-0.143626107946150,4.68815527271869,0.568673227813409,-0.229306315437733,5.59902231818139
0.0801476556899320,-0.143302316160787,4.69770633553894,0.568669193198472,-0.229311856792898,5.59908967583193
0.0804044998437894,-0.142901441128096,4.71417404208937,0.568676644065586,-0.229307590936061,5.59831947781617
0.0806922018531220,-0.142558198776863,4.72893166636409,0.568676084327237,-0.229314291986268,5.59826409513472
0.0809468896253157,-0.142197466661001,4.73903683031587,0.568674155730436,-0.229310674424405,5.59865732495118
0.0812275887118017,-0.141866869987767,4.75685021948820,0.568684725892567,-0.229312293692239,5.59768845192139
0.0814819817996141,-0.141486736737103,4.76848145366730,0.568685331716336,-0.229317638468115,5.59871468497456
0.0817260781328295,-0.141108897359389,4.78531391814558,0.568677532692420,-0.229310295760050,5.59848577556757
0.0820158939458842,-0.140774716406593,4.79732704278110,0.568668393307682,-0.229319951885228,5.59941539245741
0.0822648892718602,-0.140390748843674,4.81206984910391,0.568682844624128,-0.229317823317217,5.59823664078418
0.0825605278442662,-0.140039445398174,4.82431161782581,0.568679815854697,-0.229315243191141,5.59844565439208
0.0828318200349669,-0.139678415774826,4.83836331967112,0.568679637594792,-0.229319933653627,5.59848308011802
0.0831084870167520,-0.139312656734508,4.85213493911796,0.568674467906526,-0.229319340846738,5.59892871287528
0.0833863679694633,-0.138947130388621,4.86385045267699,0.568679519755765,-0.229310516573564,5.59823855627528
0.0836467239568010,-0.138599058979866,4.88122433790902,0.568677280270885,-0.229308350786281,5.59898604924848
0.0839141976134543,-0.138228605980105,4.89185441628617,0.568682163705310,-0.229314577238892,5.59899940200130
0.0841668062019679,-0.137854530405894,4.90816238485899,0.568684041185701,-0.229311994582142,5.59877404528203
0.0844202838683957,-0.137508674089310,4.92288512187030,0.568678770479719,-0.229309856641167,5.59873458881289
0.0846984215435744,-0.137128404595916,4.93536593406529,0.568673586669307,-0.229314650325422,5.59938767668311
0.0849736275384416,-0.136801853901889,4.94983791693218,0.568680098624408,-0.229311292561608,5.59916490119407
0.0852379856029484,-0.136402168328391,4.96128061505114,0.568678852754520,-0.229313003103273,5.59863088105181
0.0855178904463552,-0.136115728635952,4.97653346253609,0.568676049423735,-0.229309629983276,5.59938676109227
0.0857693007101937,-0.135675921400949,4.98997238735695,0.568692389063126,-0.229302453556658,5.59793344863626
0.0860442675906490,-0.135394632106471,5.00382610900709,0.568679878518517,-0.229308538278170,5.59872715236958
0.0863085521147621,-0.134972438119422,5.01804818897243,0.568684035481072,-0.229317210400755,5.59922199713307
0.0865527812178529,-0.134623274508772,5.03234434810566,0.568680550169271,-0.229307765834676,5.59920183594133
0.0868446828306676,-0.134261112917876,5.04579765246617,0.568678831860400,-0.229305091906989,5.59915929307884
0.0871109822685055,-0.133871428602655,5.05795637505650,0.568685043303071,-0.229305470990335,5.59817713550195
0.0873481871355903,-0.133534699299984,5.07604184419274,0.568678279159837,-0.229309249245967,5.59934671868600
0.0876492569156064,-0.133155843780344,5.08603401845277,0.568686989079925,-0.229306635911760,5.59935517952912
0.0878958243174192,-0.132836468418752,5.10193249791646,0.568678084437203,-0.229307858287150,5.59851953208971
0.0881618761444135,-0.132458200504736,5.11512078287072,0.568668315757831,-0.229308414496864,5.59933269921528
0.0884129000070841,-0.132080821940949,5.12825318301414,0.568677825171402,-0.229316706385182,5.59918873775627
0.0886582833997506,-0.131756359128669,5.14531836425917,0.568680371558587,-0.229311183939832,5.59893487856063
0.0889868655259891,-0.131325133980078,5.15410844169667,0.568676450672507,-0.229308935436114,5.59939472468139
0.0892027833283459,-0.131049034665621,5.17202276381625,0.568684027532637,-0.229318327341161,5.59867304680881
0.0894820096582192,-0.130647919114262,5.18417001315125,0.568685717521055,-0.229313061792726,5.59869719200116
0.0897495066737968,-0.130300491319299,5.19662117779512,0.568677095854125,-0.229309305427293,5.59926203187750
0.0900031825271192,-0.129962562198273,5.21328220179110,0.568675164003981,-0.229313494303755,5.59916369041244
0.0902804966534315,-0.129555192226181,5.22320141040556,0.568674957658889,-0.229309306824886,5.59902939167474
0.0905271497725713,-0.129243209668916,5.24134815446666,0.568678877108690,-0.229313996009098,5.59887878517161
0.0908398090390382,-0.128862585832911,5.25091832522702,0.568681880878628,-0.229305909330759,5.59872719412061
0.0910406659754427,-0.128495277679357,5.26796035394318,0.568680137249914,-0.229304740572750,5.59884205537769
0.0913249593837943,-0.128177581654882,5.28153611814457,0.568676573176350,-0.229304553014663,5.59910000478789
0.0916344831697943,-0.127793591292849,5.29156084660685,0.568678583877114,-0.229309043120200,5.59968070910021
0.0918974229080130,-0.127420770855548,5.30647054109627,0.568681996718372,-0.229311140603850,5.59886540550865
0.0920999790181747,-0.127101054205168,5.32381149181002,0.568681089963713,-0.229306084366354,5.59826924161772
0.0924115784412809,-0.126689840954469,5.33449831995518,0.568678155145975,-0.229304486583528,5.59908809219650
0.0926211961515707,-0.126340099172586,5.35322694784623,0.568682083623610,-0.229307118544767,5.59859504196308
0.0929099789001687,-0.126021166511613,5.36367783758528,0.568672728460051,-0.229300950225517,5.59924528172673
0.0932110953602332,-0.125616579597851,5.37765255321433,0.568676544109769,-0.229309712274710,5.59974001422998
0.0934320682433719,-0.125324556305895,5.39151446350320,0.568674060073283,-0.229315402526549,5.59925753950555
0.0937106743646127,-0.124937029030963,5.40359238817190,0.568683454765963,-0.229302718949754,5.59893554637250
0.0940331829996928,-0.124599852359600,5.41645855792357,0.568680208041609,-0.229305561302721,5.59883413595259
0.0942489305456079,-0.124231379912098,5.43095288478170,0.568688975228644,-0.229304332206153,5.59898403277647
0.0945170349600399,-0.123868055018146,5.44543467632101,0.568685851137832,-0.229309542131553,5.59881862217629
0.0947671812750660,-0.123492527426068,5.46180002539043,0.568683090675835,-0.229302510397590,5.59897190934827
0.0950666531806665,-0.123112326549989,5.46978552496675,0.568689135436607,-0.229293917823245,5.59848673488381
0.0953215514352365,-0.122764052098896,5.48828243965284,0.568688634192366,-0.229307915167182,5.59890117011326
0.0956105637738123,-0.122423777885115,5.49776325779168,0.568691026594252,-0.229298097672942,5.59903285041299
0.0958372338426085,-0.122014371182399,5.51311700397516,0.568686479679089,-0.229300384694602,5.59933960088289
0.0961173002428119,-0.121685118416330,5.52779032521237,0.568694042956156,-0.229298620081678,5.59870082641753
0.0963694696406181,-0.121309539249818,5.53955084157355,0.568691648251501,-0.229297247619185,5.59846262739463
0.0966477387047003,-0.120958045528228,5.55081974434796,0.568693261064308,-0.229304503539787,5.59871824712466
0.0969054228956284,-0.120583193341746,5.56694113753354,0.568686680583788,-0.229301400530046,5.59936808251099
0.0971639768141762,-0.120250391198841,5.57930395503624,0.568689338284684,-0.229293644373823,5.59874542625002
0.0974309283741318,-0.119864109774536,5.59360302490475,0.568690469648065,-0.229307014198495,5.59882102681370
0.0976818943181487,-0.119500739537715,5.60853914329914,0.568687298085927,-0.229303027777562,5.59903187821390
0.0979469815067131,-0.119171961587725,5.62059215490085,0.568686186252549,-0.229304215764662,5.59884429212852
0.0982065227367811,-0.118776729980700,5.63725352508948,0.568687081725493,-0.229304463794252,5.59870069170854
0.0984836972780252,-0.118423756054807,5.64884095346987,0.568675345689277,-0.229311405132137,5.59916193115729
0.0987184405986246,-0.118097152694984,5.66395026102337,0.568687582757496,-0.229316030007067,5.59921232650252
0.0989964507639684,-0.117715419156933,5.67594658977019,0.568691788301009,-0.229312653505805,5.59849963237193
0.0992424691450378,-0.117357401945111,5.69133442934458,0.568687834172034,-0.229313469350802,5.59889576969335
0.0995263908191649,-0.117012991532275,5.70150506470725,0.568685286636544,-0.229320008957479,5.59915030021034
0.0997860612056636,-0.116676973253300,5.71776881771835,0.568680947799130,-0.229322793280744,5.59951384843178
0.100038617916582,-0.116297287270025,5.73112694870645,0.568683114283443,-0.229326639286075,5.59936424819690
0.100299140388254,-0.115916743713629,5.74340183342088,0.568675708898185,-0.229331558937689,5.59966973965254
0.100540627296404,-0.115576906073880,5.76058316539327,0.568671590345906,-0.229331803052874,5.59946571365250
0.100807394852890,-0.115223716948272,5.77262705808373,0.568680386696289,-0.229326408597289,5.59874505356172
0.101061331382577,-0.114848301549637,5.78743373946379,0.568670308756765,-0.229336545576972,5.59935832650643
0.101336331095767,-0.114468364271467,5.79822819133453,0.568676958875271,-0.229336573362184,5.59871998856551
0.101585181518946,-0.114120296859059,5.81131951989877,0.568671708454195,-0.229338358566912,5.59886823872069
0.101853299983029,-0.113760104267456,5.82533929410279,0.568675876149152,-0.229339439281698,5.59886285688676
0.102111357839738,-0.113427946157344,5.83862245808825,0.568682511981111,-0.229343318556718,5.59855051070394
0.102361412410017,-0.113043450585802,5.85440411935058,0.568677246496030,-0.229343398467154,5.59862378714851
0.102609051395287,-0.112686757434664,5.86829674009944,0.568674039131454,-0.229343466465954,5.59921447836839
0.102901088556873,-0.112314081818807,5.87975596903195,0.568675507770565,-0.229342401970612,5.59886549726125
0.103148449489525,-0.111955050913317,5.89485225880602,0.568675520541201,-0.229351040044905,5.59899898025698
0.103386250455277,-0.111603404789275,5.90940873279022,0.568678516885345,-0.229338075453575,5.59890004726369
0.103680909012032,-0.111265670272566,5.92268720546621,0.568683825643009,-0.229350540442973,5.59915593960320
0.103910716400166,-0.110875552182864,5.93505390342127,0.568677704991704,-0.229351508994114,5.59927330355386
0.104178917327290,-0.110489713899278,5.94656497438408,0.568686757957971,-0.229353109332476,5.59904672457462
0.104449793957848,-0.110155500346213,5.96319697683285,0.568680477463890,-0.229356194684520,5.59925411251855
0.104696300640281,-0.109797184732552,5.97573751962737,0.568678199085490,-0.229348148227815,5.59905708960395
0.104958217265088,-0.109434870847923,5.98989644102065,0.568681099798334,-0.229347426500520,5.59943925112013
0.105198966983897,-0.109091467496432,6.00622344585428,0.568684657470676,-0.229353859204276,5.59983593694062
0.105473595737961,-0.108711211706542,6.01899036696531,0.568687721801827,-0.229350773901431,5.59941536131542
0.105771438653263,-0.108342113280713,6.02967272549246,0.568685169495918,-0.229353054430966,5.59927016829528
0.105953900268109,-0.107987348002950,6.04531806015139,0.568681861332990,-0.229354620435120,5.59993750739848
0.106230611402554,-0.107621819724334,6.05910847516842,0.568694906670918,-0.229353148237217,5.59906505802893
0.106550679407795,-0.107261365128022,6.07125227562208,0.568690485028328,-0.229345894410788,5.59870408156988
0.106756348350398,-0.106937264715033,6.08661583823807,0.568693384767124,-0.229352276023135,5.59976320095735
0.107000752139388,-0.106566657930410,6.10080746028405,0.568683004321701,-0.229353512690050,5.59909565666353
0.107258477379152,-0.106222182217552,6.11661373298557,0.568690096762839,-0.229351833772436,5.59915218499785
0.107546630378456,-0.105803912902040,6.12349540974531,0.568687463997515,-0.229348882787209,5.59967240931671
0.107822225018487,-0.105460457627567,6.13781669205714,0.568686561661303,-0.229343646358448,5.59916410804734
0.108053004766058,-0.105087275404380,6.15365387397171,0.568697928698179,-0.229347360308130,5.59921393948557
0.108248470369347,-0.104771854979888,6.16915157168363,0.568699714144411,-0.229343525561776,5.59866439210187
0.108597754067974,-0.104388538427985,6.17817735676885,0.568685609153141,-0.229352847564326,5.59900245605749
0.108869955928535,-0.104040016514222,6.19413049368835,0.568695625515390,-0.229344428073896,5.59921211653733
0.109074056607634,-0.103657811138813,6.20951427307998,0.568691300931745,-0.229341276688611,5.59901286986139
0.109295570743953,-0.103290264534934,6.22079508040211,0.568686480665752,-0.229343300980161,5.59912135337393
0.109598363474272,-0.102921481740451,6.23177679075106,0.568685931029103,-0.229340275322215,5.59884093567177
0.109858048349746,-0.102559860108336,6.24587477825919,0.568689145509347,-0.229340085500618,5.59868017510415
0.110099400242092,-0.102228646264637,6.26431382940086,0.568693486519041,-0.229337602864965,5.59903103445643
0.110376314957051,-0.101868874660261,6.27261997087245,0.568674988731027,-0.229341178042384,5.59970384331204
0.110595891194109,-0.101529927374234,0.00390661596577872,0.568688515027637,-0.229344144965818,5.59915118801302
0.110855349612999,-0.101149734880705,0.0210036255864705,0.568681803561653,-0.229348927938899,5.60030705137482
0.111149770861101,-0.100765425459122,0.0313315679062591,0.568684008642252,-0.229340887914060,5.59972082830007
0.111427169019455,-0.100435353677028,0.0432501095334490,0.568676933308357,-0.229334618565806,5.59894640296580
0.111629029750844,-0.100087650569847,0.0593433697930923,0.568679323598573,-0.229341058289138,5.59886254352911
0.111845980733857,-0.0997284648877163,0.0739906371583579,0.568674556492144,-0.229334013507608,5.59902436102020
0.112131596298830,-0.0993334386922024,0.0855482605308785,0.568677810763658,-0.229332251202234,5.59901044845543
0.112398891915370,-0.0989630194484455,0.0969909953506864,0.568675839237691,-0.229336046451109,5.59938535161908
0.112655350629530,-0.0986096335377184,0.109088620487673,0.568674913620782,-0.229339514192438,5.59913159111365
0.112888176096575,-0.0982649234738072,0.127205997839587,0.568683364799864,-0.229336908567867,5.59854083136352
0.113136816068881,-0.0978996189614504,0.136639703212958,0.568671435258694,-0.229334631170267,5.59949142778426
0.113413133378322,-0.0975359105377191,0.149254328177129,0.568674836983481,-0.229336133080927,5.59905412201869
0.113676241630583,-0.0971876755746729,0.165482509559692,0.568677921662636,-0.229328393540508,5.59887854471438
0.113915855568777,-0.0968244434593591,0.176358285567531,0.568671386797798,-0.229332305010373,5.59967244293283
0.114154413459713,-0.0964318638104065,0.189492780601644,0.568672288583876,-0.229338114553320,5.59961806504695
0.114415393223027,-0.0960746857670092,0.204705822998605,0.568678150531622,-0.229338707473236,5.59942251338101
0.114664597663935,-0.0957416812575183,0.218833447144831,0.568672913672678,-0.229336708322954,5.59955402676121
0.114925935401081,-0.0953727919760025,0.234226910628495,0.568690219487012,-0.229335578098202,5.59881593368764
0.115165516046317,-0.0950138477113574,0.243706301074704,0.568674624387572,-0.229344131839565,5.59988796998120
0.115426512045381,-0.0946607620162723,0.259278360424809,0.568688949397093,-0.229338087004303,5.59886754888631
0.115683327902441,-0.0943023247844100,0.274513957715225,0.568690270155145,-0.229343889436140,5.59931639408368
0.115927079857351,-0.0939513212016605,0.286831419655005,0.568687647819746,-0.229347766082768,5.59949880912402
0.116185023259080,-0.0935944442664164,0.299537237705399,0.568682402139050,-0.229355624996301,5.59946488805296
0.116435780772432,-0.0932469516794098,0.313815584007075,0.568682011683009,-0.229353164375774,5.59932026274085
0.116706641419286,-0.0928833096289306,0.328483160757104,0.568683620599483,-0.229342252821405,5.59925215616192
0.116962948580926,-0.0925039699052193,0.339385995318751,0.568686734593146,-0.229349273896309,5.59965951062690
0.117197322320484,-0.0921973788933956,0.353604217058950,0.568690697269856,-0.229342584964949,5.59883654655165
0.117439978148984,-0.0917756269775064,0.367087645064301,0.568686758610807,-0.229351447628210,5.59955818373489
0.117683206093399,-0.0913995936313819,0.380740636201476,0.568685376035685,-0.229351340434282,5.59944122623985
0.117935053402782,-0.0911160980812130,0.393620678086506,0.568684577768705,-0.229358494753326,5.59975905191727
0.118208872503512,-0.0907128879382809,0.407830211231311,0.568689483002329,-0.229356134186599,5.59937943445762
0.118450480377585,-0.0903503463904169,0.422335122699170,0.568688283471072,-0.229354464256582,5.59945655857985
0.118689772435914,-0.0900260119834306,0.434652663412533,0.568692053068619,-0.229359838510385,5.59933296702527
0.118944027678587,-0.0896256345837481,0.447665747906779,0.568692759289353,-0.229358010378644,5.59905213945920
0.119199925792986,-0.0892551053865335,0.460845366225596,0.568689910271010,-0.229360890880223,5.59942651029599
0.119481184464919,-0.0889117893987093,0.474700421738131,0.568686095502792,-0.229356024053257,5.59956827690144
